1000 9893
447 156
860 427
256 345
898 648
848 483
208 66
104 115
391 581
548 728
661 423
740 160
947 582
217 933
937 642
786 627
126 978
740 390
672 174
156 119
326 291
960 71
403 726
668 218
834 206
563 308
178 874
716 238
759 136
84 128
325 890
537 770
207 378
299 775
892 670
568 316
292 452
59 435
41 220
921 377
84 102
585 927
378 411
895 190
953 931
862 461
224 353
634 436
373 128
818 15
748 460
822 591
143 860
940 766
631 513
46 393
429 127
997 588
600 282
563 654
893 683
196 429
641 296
900 863
332 120
215 368
732 158
718 345
705 988
225 452
617 842
501 607
859 773
896 265
556 227
99 920
628 581
651 49
506 890
676 708
410 784
323 209
16 647
682 552
185 16
775 289
299 104
483 279
866 250
464 440
526 584
711 564
554 369
293 747
111 372
4 850
206 600
228 432
599 131
657 632
34 729
521 217
122 782
639 807
674 937
318 142
476 777
627 635
810 57
777 432
247 154
394 832
56 351
293 94
669 787
270 915
50 325
580 504
568 506
491 477
577 124
541 473
448 8
1000 613
213 888
575 455
273 179
681 206
779 873
283 358
785 24
89 699
625 473
18 649
990 211
714 354
443 892
245 56
926 891
874 584
822 952
179 934
932 168
738 139
560 759
83 66
563 972
320 318
235 143
420 491
442 303
641 667
607 524
405 10
867 723
335 841
250 691
732 243
938 929
816 318
444 727
567 35
533 895
898 268
997 834
826 90
827 271
441 184
977 414
102 825
53 575
893 2
950 459
972 663
610 844
262 969
101 127
16 739
223 857
259 853
774 52
778 59
137 433
485 353
533 307
973 140
178 750
894 465
311 910
216 436
532 364
812 556
291 465
369 891
691 306
393 475
574 221
353 463
136 435
1 875
19 478
368 140
403 639
830 826
399 605
619 965
800 249
640 914
1 644
149 516
259 365
62 531
322 740
889 440
926 855
932 204
199 575
645 673
524 822
438 780
999 101
582 151
291 58
827 220
663 306
153 61
63 518
465 371
980 438
713 213
287 974
719 971
137 529
673 679
716 835
833 953
478 974
10 240
51 996
694 142
881 917
846 117
162 216
983 164
125 156
635 522
962 481
292 913
379 273
821 426
295 898
769 263
42 323
640 736
133 936
81 495
122 757
380 189
329 949
517 818
646 222
502 712
873 996
19 62
111 428
61 711
264 951
873 629
748 519
532 159
881 418
902 918
246 380
835 433
986 815
180 154
668 247
541 383
156 899
716 742
478 562
344 99
697 673
826 775
122 24
565 410
715 5
553 418
312 624
900 401
448 112
321 742
361 945
213 816
309 243
990 24
174 965
212 120
678 373
607 273
790 275
616 764
488 667
839 962
625 626
843 391
476 164
405 352
813 291
580 562
987 720
224 164
52 582
67 558
968 291
254 64
864 500
737 122
672 779
175 680
788 645
28 990
656 287
823 925
457 540
188 660
500 742
581 859
927 867
589 320
774 210
116 950
855 413
52 478
254 540
55 725
829 802
228 191
683 421
66 123
43 2
281 697
564 416
142 890
551 234
648 987
42 438
711 480
165 396
939 221
778 725
428 862
948 37
548 959
609 57
78 810
174 549
835 429
764 285
796 710
352 602
388 274
248 539
339 836
64 754
655 380
416 715
19 534
458 90
187 648
259 7
847 206
174 886
89 350
454 422
66 694
936 48
837 240
511 305
173 232
984 715
268 188
866 325
334 389
376 782
11 866
15 874
128 600
742 401
979 833
528 167
680 521
395 400
417 440
680 482
498 261
686 218
462 408
279 738
620 580
950 125
627 224
232 376
341 698
413 221
106 337
355 626
872 296
600 855
693 262
587 783
234 573
555 301
414 840
635 904
104 80
512 23
548 765
848 95
367 985
480 819
285 854
638 636
689 419
756 443
406 586
43 780
82 810
835 504
85 249
69 772
14 191
587 331
631 979
829 266
62 139
981 959
913 311
382 676
181 519
420 961
916 974
259 325
887 421
363 265
355 136
2 481
62 485
579 541
265 581
415 735
861 955
535 318
155 178
504 784
502 367
29 491
938 567
425 664
796 953
504 895
70 178
515 963
808 87
58 538
406 208
541 875
448 838
358 249
676 214
515 80
883 554
380 812
392 985
310 803
5 446
587 873
873 580
876 397
490 80
805 903
440 965
348 86
538 2
799 628
341 419
791 453
741 618
179 902
512 536
567 34
736 102
55 462
722 73
426 538
82 424
279 774
711 983
604 37
340 404
223 649
152 6
595 794
100 324
63 848
279 887
902 537
391 393
177 725
481 30
76 477
704 738
337 911
622 432
328 726
42 364
602 524
450 217
137 405
555 166
494 150
351 267
127 107
527 276
363 681
27 238
678 672
134 438
522 320
568 202
752 551
682 190
755 412
631 241
320 403
941 847
843 961
626 467
282 595
502 62
51 146
752 261
401 71
293 113
813 890
243 974
545 968
415 546
967 497
369 932
705 2
887 318
766 949
469 385
52 671
973 131
981 659
662 720
957 428
596 348
709 731
654 372
188 183
933 387
239 652
939 905
448 819
191 965
250 842
291 223
236 34
701 792
336 820
210 789
784 972
554 746
597 363
228 753
101 589
796 675
581 179
475 728
875 922
931 777
72 861
605 45
805 955
974 866
70 459
885 510
854 871
528 239
275 638
336 368
558 319
392 674
926 419
346 890
785 865
203 736
480 703
621 970
474 405
898 563
205 35
669 372
172 812
896 16
447 102
25 566
55 25
545 424
32 325
233 580
753 269
344 326
966 342
518 308
425 139
902 919
762 676
235 748
88 658
592 171
277 783
630 407
772 257
946 494
838 672
288 268
326 340
540 58
373 999
835 750
235 778
346 726
218 756
614 778
390 832
652 563
140 287
97 862
593 817
232 931
672 320
359 506
897 557
918 453
409 251
463 40
694 332
89 611
59 375
701 828
957 658
409 100
525 110
250 534
181 733
491 992
684 529
611 563
794 113
711 235
570 987
390 652
875 902
803 229
514 112
63 549
465 350
978 893
799 113
599 412
625 812
25 214
672 891
710 743
861 329
292 580
874 821
559 902
604 237
897 139
789 909
917 184
205 118
599 280
837 625
9 879
876 921
128 487
773 409
445 568
636 301
746 445
531 683
219 471
826 373
765 757
556 942
260 371
578 658
105 476
413 395
877 870
559 996
971 481
882 60
117 785
722 597
123 160
165 395
497 491
83 782
548 263
319 694
468 732
768 452
386 603
294 112
8 89
485 747
126 803
53 503
187 941
539 432
338 723
658 30
808 463
277 725
813 834
616 428
320 249
545 926
265 552
450 628
257 712
905 536
765 827
877 460
787 540
978 549
117 119
586 430
678 406
992 693
520 816
371 500
923 349
671 747
429 236
359 111
89 639
398 665
171 957
802 761
621 939
898 4
165 515
745 481
709 70
509 160
650 564
881 518
712 837
505 969
254 204
220 420
393 694
585 426
380 20
219 228
366 885
483 571
724 603
191 892
180 761
306 780
888 633
524 742
500 618
138 213
727 245
604 864
346 144
811 838
741 9
111 257
761 992
812 292
741 154
355 851
122 554
583 619
934 275
312 126
612 393
817 485
377 600
105 585
18 176
584 504
740 469
43 783
122 780
642 338
763 618
355 158
912 731
269 338
571 958
203 466
578 186
925 647
855 714
370 859
75 156
225 36
925 568
360 710
199 823
862 141
888 520
460 673
154 340
247 555
307 366
792 994
482 984
28 556
165 709
139 502
880 890
366 725
149 817
686 8
799 299
267 394
654 554
951 508
560 983
923 583
604 256
14 820
326 634
804 15
167 514
629 883
225 373
304 100
50 632
289 656
513 425
805 760
754 139
573 652
7 106
125 5
732 19
383 861
955 308
573 765
195 107
34 55
915 930
510 77
537 148
119 472
64 834
51 680
379 375
5 660
510 675
726 467
449 357
99 741
834 880
821 118
661 477
872 178
502 797
430 144
697 425
347 608
475 599
4 967
941 846
356 498
484 655
580 408
855 904
234 978
181 745
75 90
27 287
800 29
790 696
389 557
799 826
857 77
344 56
785 612
457 383
754 511
611 90
39 989
758 415
580 939
841 449
605 800
412 608
709 860
403 863
960 96
665 804
429 163
125 507
445 20
791 655
788 903
755 594
169 132
206 286
814 89
407 541
840 500
257 252
551 400
961 660
286 353
452 9
122 846
805 523
369 775
335 988
763 913
106 500
159 130
278 689
241 697
232 290
270 644
197 620
699 230
77 134
831 493
372 454
444 987
802 229
911 389
15 752
595 934
209 167
82 687
564 607
841 554
971 631
355 794
851 641
740 708
937 564
630 859
481 848
796 86
401 375
935 246
625 233
122 981
48 976
303 376
364 890
716 487
772 872
5 398
136 115
763 68
891 11
873 516
734 711
792 542
920 595
970 321
339 573
298 723
782 121
491 278
274 304
136 337
585 646
126 742
53 692
517 261
4 353
687 949
9 566
446 989
62 525
676 265
54 621
271 772
429 135
400 915
94 889
444 452
706 915
305 10
991 918
6 546
338 82
850 185
462 19
907 130
546 606
489 87
851 353
34 157
346 411
336 406
37 774
427 950
104 713
341 676
720 499
370 55
860 508
870 56
271 894
315 906
962 451
470 234
327 695
589 160
147 181
954 815
963 22
579 86
651 837
446 67
86 954
124 105
786 932
806 419
196 613
744 349
341 216
51 529
517 165
366 261
833 368
961 315
778 723
1000 479
375 457
691 224
240 340
826 711
482 497
528 785
527 109
400 420
424 298
722 775
748 779
341 427
787 833
810 354
334 860
653 792
883 901
916 778
282 170
283 415
16 370
330 158
832 244
923 175
301 271
927 898
32 524
328 435
760 406
244 879
88 275
253 999
992 889
701 863
150 207
175 616
13 381
452 931
542 388
538 44
847 90
392 910
338 54
339 371
442 104
46 366
136 552
784 307
811 522
907 63
2 643
525 597
469 777
760 816
323 210
252 212
954 848
337 818
882 206
445 972
392 296
638 531
259 536
647 757
542 469
344 334
963 800
694 688
631 239
977 908
254 678
787 127
626 429
243 689
331 11
721 391
372 161
820 509
14 44
217 160
967 245
522 579
276 719
657 808
451 561
826 829
699 469
313 742
406 261
100 570
196 953
838 376
416 745
403 981
591 981
155 180
822 780
752 72
516 155
130 458
723 953
895 95
93 241
274 941
918 386
279 348
106 876
488 1000
75 731
704 137
528 487
13 353
72 803
144 464
897 822
899 320
314 992
560 968
742 288
300 211
157 630
163 221
220 26
996 683
427 720
48 139
943 760
16 937
716 858
853 68
813 156
82 422
194 620
357 224
530 914
927 148
175 979
55 377
239 12
996 393
469 259
858 438
181 131
309 510
676 853
591 456
370 252
381 57
46 983
219 481
850 709
47 671
125 983
185 418
702 345
155 497
212 973
989 959
354 29
173 934
146 478
40 613
220 787
665 906
406 596
423 910
65 214
108 268
532 478
250 777
240 71
616 199
264 252
502 60
32 136
770 698
75 42
562 568
924 439
945 855
378 105
611 93
459 728
101 16
273 156
75 776
339 893
596 350
887 681
523 992
726 745
141 157
787 599
993 382
518 805
10 808
670 992
184 879
41 938
449 522
210 787
248 162
841 179
41 571
799 847
706 831
391 251
71 659
257 243
966 805
650 634
667 904
85 967
581 66
249 681
430 498
702 942
885 508
888 80
872 565
67 341
50 541
414 458
951 225
578 891
263 227
358 295
676 648
422 576
196 548
694 60
841 600
958 993
824 389
567 343
509 683
303 810
820 881
459 299
225 973
66 459
342 100
186 976
12 840
673 450
295 842
697 452
357 754
645 635
721 446
631 215
189 352
209 610
145 275
198 502
533 282
256 701
223 65
613 713
998 957
877 196
881 129
293 19
387 210
977 758
167 31
47 100
213 844
568 437
364 510
239 972
458 737
390 838
982 752
434 58
770 928
810 417
574 478
736 629
165 779
314 727
187 335
408 528
568 514
329 50
495 901
757 82
34 710
31 231
589 825
400 803
475 421
131 661
500 92
942 175
945 249
598 797
802 578
380 570
16 211
310 469
993 213
297 718
489 86
915 654
110 497
435 969
681 993
149 187
479 708
409 678
860 129
243 129
426 355
797 656
417 108
209 130
376 653
983 58
821 395
44 360
369 452
209 453
33 45
829 513
812 721
744 39
318 30
191 276
71 662
406 941
997 428
319 688
35 917
489 861
809 766
14 836
599 473
507 801
937 322
847 963
208 642
1000 766
783 263
181 593
922 601
66 156
563 169
486 552
365 613
166 414
403 952
499 911
761 352
27 996
874 705
451 784
822 801
749 767
752 45
896 467
610 71
738 112
477 988
44 673
705 377
847 219
67 832
567 535
509 491
218 1000
832 100
316 333
639 161
804 458
982 873
59 2
671 779
598 825
909 898
913 583
258 276
866 609
188 597
104 520
50 594
117 730
721 655
793 10
243 127
872 525
818 415
432 158
676 881
437 163
457 573
751 474
855 461
395 371
34 17
147 498
76 436
668 59
243 157
996 357
579 279
252 213
306 925
110 239
665 738
686 648
319 97
820 954
968 877
271 962
976 136
156 258
367 986
697 403
481 520
366 778
27 388
566 639
787 126
587 64
611 322
964 814
677 339
400 385
473 205
916 969
891 931
636 89
982 350
606 346
899 886
263 405
403 615
505 77
433 472
783 392
840 799
787 973
575 554
965 398
653 908
196 969
992 568
476 329
408 729
987 895
843 499
863 951
314 655
97 245
885 84
944 776
227 918
123 857
610 333
444 18
926 537
763 681
124 921
515 226
885 374
390 330
508 431
948 956
814 605
555 846
520 150
851 171
84 570
163 527
450 387
806 812
254 889
440 661
958 635
704 630
447 498
622 452
968 171
661 136
534 654
522 206
967 624
285 100
345 393
915 789
410 15
792 72
405 571
464 9
868 930
116 655
745 791
476 295
583 585
588 289
70 176
632 613
468 679
66 662
471 556
865 797
656 922
906 421
475 857
168 213
401 171
882 804
521 74
695 475
378 7
964 770
724 259
19 373
256 833
467 327
37 121
184 419
863 173
187 580
905 453
729 137
269 86
388 797
550 425
224 463
559 85
373 34
787 598
112 276
77 891
514 329
533 731
255 160
183 854
875 37
701 789
57 169
407 686
475 412
917 749
573 347
816 496
928 287
988 608
283 533
785 427
235 508
426 731
723 35
465 375
907 152
134 487
168 442
512 584
586 125
126 102
594 204
137 533
319 809
747 502
237 668
236 881
721 727
512 662
275 752
121 367
279 916
873 61
177 758
417 71
551 924
441 73
119 991
445 529
299 350
567 342
310 933
495 363
243 450
955 817
726 509
752 664
838 897
128 316
792 211
665 587
192 639
744 204
172 589
33 241
324 912
255 908
38 866
962 14
835 292
673 480
694 633
916 675
428 773
657 981
181 715
900 127
316 870
208 679
338 746
213 66
204 947
725 127
877 340
312 628
956 805
973 833
240 719
83 691
328 30
87 983
364 312
628 925
40 158
956 916
818 917
356 980
875 204
378 876
568 660
254 283
550 292
553 64
277 448
980 129
969 400
219 721
753 569
979 646
865 199
496 558
461 564
379 919
675 322
934 673
158 767
766 400
336 734
861 420
82 77
634 750
319 392
34 296
16 867
492 940
453 434
348 136
871 860
951 196
699 151
148 151
137 642
618 77
202 852
24 12
812 29
206 820
128 202
401 678
845 163
593 138
167 955
225 782
172 787
467 997
342 423
399 36
437 401
440 427
848 905
427 231
219 238
252 400
960 849
138 993
32 356
208 869
959 786
85 225
570 607
846 640
423 593
174 553
156 76
655 90
593 743
80 446
502 101
144 939
530 208
226 123
374 419
505 176
503 581
279 883
992 276
559 156
19 651
631 766
300 564
529 42
966 1
607 369
576 203
885 127
886 296
546 815
504 214
413 740
8 932
434 769
457 224
495 920
22 24
23 817
335 195
926 546
896 625
948 810
607 535
22 395
580 417
232 719
761 269
174 275
978 100
998 99
266 824
249 608
666 852
367 432
29 711
33 652
401 864
391 881
86 651
693 401
129 770
404 396
375 875
270 493
933 413
510 650
424 829
538 529
99 637
319 96
323 357
454 649
968 832
642 755
922 914
336 232
218 196
700 832
147 64
494 361
26 819
100 224
411 887
459 343
610 693
238 882
151 905
834 13
655 9
165 317
921 951
467 573
382 680
790 659
8 199
639 512
929 577
933 366
535 709
369 956
153 639
83 762
784 695
160 369
164 345
400 913
415 360
456 663
274 536
595 749
761 236
689 639
249 960
545 755
126 286
509 398
244 845
671 712
693 896
710 102
932 36
93 96
311 41
671 857
28 717
911 241
509 208
680 164
439 133
192 462
434 519
988 98
19 41
918 861
963 420
986 31
1 25
475 206
172 38
945 994
765 225
685 992
335 539
379 411
788 415
662 432
646 981
688 219
612 156
306 958
181 50
704 789
431 574
171 149
544 617
443 666
225 240
416 220
178 535
535 805
664 306
207 852
333 697
319 890
857 263
30 747
549 601
128 954
123 474
431 397
308 376
91 632
419 237
999 766
378 4
244 749
977 648
909 291
485 945
325 940
217 307
145 62
498 996
279 47
356 674
607 171
773 709
905 597
65 272
342 740
291 882
69 719
961 990
525 245
303 763
197 388
900 132
53 992
992 948
225 91
188 841
580 731
16 90
344 631
127 852
457 184
774 687
885 216
361 276
803 205
841 2
842 301
805 935
664 517
774 574
997 655
923 548
413 974
106 96
452 116
895 288
642 196
297 865
392 727
393 610
690 760
346 386
608 81
849 281
243 54
996 472
172 10
229 503
859 832
798 253
232 180
552 519
94 862
259 807
466 525
855 101
158 239
903 930
204 409
595 536
246 548
525 893
512 36
335 632
399 112
703 6
850 566
545 428
656 771
151 174
160 566
350 913
422 2
891 159
113 51
152 593
853 215
601 870
297 160
431 417
660 681
717 904
317 26
322 432
674 605
179 41
515 579
296 267
739 33
942 646
855 655
325 896
736 809
771 378
386 772
593 932
577 63
226 199
504 989
748 192
164 145
3 21
576 881
683 695
525 136
50 104
54 608
199 649
934 964
350 271
192 249
504 187
209 906
75 532
460 970
653 992
692 685
700 240
225 208
154 220
233 317
127 729
275 960
438 156
846 265
232 611
971 968
208 508
319 280
55 306
721 818
559 898
376 613
250 982
346 265
20 74
628 231
983 71
366 191
918 726
868 773
744 267
781 954
599 919
102 597
726 512
656 577
324 727
327 688
916 499
890 684
697 4
521 342
226 564
925 492
337 657
660 879
152 574
852 727
579 889
730 247
35 919
968 672
97 690
739 895
393 12
912 755
329 519
855 546
490 530
400 310
458 244
848 948
562 766
69 478
450 624
325 868
697 836
992 687
402 495
335 319
246 238
145 407
623 804
737 733
411 733
634 79
11 554
374 322
623 917
457 22
149 680
810 530
779 545
554 544
430 195
552 101
109 640
771 133
26 84
192 372
653 217
434 657
418 778
768 572
879 630
60 764
534 23
737 153
205 675
673 753
871 242
909 529
234 245
893 551
200 61
988 14
438 491
760 85
334 168
851 382
745 263
837 319
551 577
629 50
622 893
777 540
110 819
693 400
604 205
103 144
806 657
988 812
347 92
535 854
766 336
669 391
252 215
72 341
823 642
852 540
811 186
834 761
860 389
94 673
32 274
15 459
18 285
271 125
455 240
651 755
359 916
150 323
983 318
161 355
470 471
994 725
976 424
99 427
212 650
998 793
397 264
949 363
53 422
700 935
370 602
520 261
920 543
207 657
133 286
669 892
322 329
605 894
816 320
541 290
445 397
968 374
909 318
662 606
494 682
443 660
944 863
373 987
666 644
813 563
26 359
361 908
150 274
472 307
328 58
781 38
457 50
495 590
560 749
478 408
799 390
987 750
55 182
681 355
700 201
538 156
261 787
410 267
766 350
125 334
586 160
570 706
515 228
337 454
373 864
687 418
709 38
323 887
430 953
112 694
167 574
315 267
893 307
214 767
896 380
358 318
876 831
312 482
827 261
973 546
401 927
134 111
318 664
279 882
34 51
660 227
272 740
256 249
936 651
556 76
25 940
46 986
413 45
253 302
320 859
204 453
816 719
963 880
929 32
177 827
397 586
90 492
553 908
290 762
130 839
665 542
596 822
319 869
140 406
881 440
351 20
796 423
458 20
587 362
787 156
169 95
1000 681
730 350
765 790
472 497
553 328
293 205
210 605
793 618
313 880
244 908
245 117
322 766
74 79
519 837
428 307
652 362
759 902
73 141
735 647
704 121
353 909
176 642
304 343
413 683
605 183
257 839
794 102
918 529
528 454
383 654
3 500
337 290
606 658
404 240
558 465
172 116
103 396
474 122
474 380
441 365
295 382
542 965
926 420
512 360
324 478
396 963
570 402
976 933
752 79
390 513
85 961
963 161
391 696
51 795
582 597
39 202
646 950
629 742
479 899
831 382
194 785
546 250
851 568
518 154
987 84
626 812
811 130
376 739
981 479
575 202
704 993
869 489
636 484
378 468
160 143
553 1000
290 542
437 349
702 203
578 429
669 2
119 79
673 455
216 406
161 299
394 292
961 460
1000 374
640 679
623 444
791 640
955 598
354 175
248 662
910 54
236 787
479 357
905 487
924 261
356 839
359 352
622 606
84 995
24 773
499 549
227 754
374 359
103 922
277 462
334 657
836 563
728 988
417 731
759 382
224 203
110 811
606 876
185 720
573 381
794 122
978 495
580 591
124 963
1 166
55 111
455 77
851 244
745 409
463 434
76 685
295 397
975 351
104 702
25 459
729 833
380 795
716 925
988 986
681 998
663 562
902 270
336 337
707 866
390 50
567 406
171 417
323 250
90 787
592 689
105 310
641 657
272 955
422 333
316 704
63 117
636 409
48 658
68 733
218 238
915 188
561 327
405 738
458 469
561 596
122 898
284 405
268 818
631 263
320 417
670 321
621 493
568 135
949 278
554 422
425 234
190 938
283 196
713 28
484 579
143 368
386 711
739 207
868 297
486 604
711 141
89 390
770 609
74 338
806 99
330 952
540 27
51 126
883 905
240 901
973 424
352 719
518 966
28 342
925 960
106 594
157 909
436 300
114 821
730 130
170 995
121 119
880 663
491 165
678 395
862 436
26 34
330 193
158 575
965 949
571 450
993 20
387 655
652 129
663 259
999 427
144 263
503 276
335 995
564 991
672 813
729 812
864 5
24 332
667 738
686 322
673 609
600 575
765 219
175 827
567 69
592 639
167 891
354 862
206 999
840 195
372 395
137 553
105 240
430 751
154 969
676 707
185 168
2 526
242 907
499 801
447 40
695 342
312 293
403 206
538 543
99 639
116 519
156 494
428 395
157 67
360 81
803 593
808 965
945 259
649 315
611 283
212 949
775 39
303 335
643 674
644 393
647 518
778 755
47 842
88 665
105 733
89 192
489 830
915 438
152 906
246 446
781 609
431 88
913 297
645 370
369 801
23 290
703 396
834 301
191 632
468 979
397 489
491 466
535 711
131 133
984 775
843 150
476 469
496 315
773 751
71 379
984 480
71 500
960 417
149 602
44 640
260 581
265 809
714 24
554 609
885 81
558 873
886 266
961 609
999 233
361 685
412 831
736 431
927 777
25 454
709 404
159 119
969 63
309 518
404 878
480 476
84 726
548 101
987 399
36 337
224 977
764 731
374 875
710 657
236 776
96 155
759 848
885 405
797 563
157 404
343 73
175 276
298 730
171 344
172 183
932 585
719 643
778 83
428 472
485 281
267 986
841 561
57 2
129 925
171 6
856 830
195 396
83 454
414 942
950 748
402 846
95 751
561 515
946 787
13 680
366 342
26 789
635 795
566 431
994 989
757 740
338 882
82 776
394 668
469 56
198 398
843 448
116 543
477 605
332 320
668 234
946 452
198 848
882 690
187 1000
66 935
550 93
292 293
60 201
321 787
587 216
311 504
442 633
95 321
316 18
999 815
736 621
438 997
184 644
519 836
757 201
212 210
620 183
468 743
577 748
460 515
174 146
177 222
842 216
831 852
301 117
140 949
276 341
538 96
309 996
154 873
564 992
304 182
141 605
936 955
774 463
866 548
48 171
165 576
608 83
556 275
546 281
971 324
272 690
807 482
907 456
30 9
358 682
604 182
822 229
562 212
111 102
824 393
367 825
906 147
46 870
427 406
863 697
928 278
639 902
200 641
114 507
5 120
243 741
726 210
428 881
756 162
346 742
844 41
645 40
894 816
226 880
669 946
28 62
213 118
621 409
877 47
1 942
39 670
317 24
854 225
749 501
217 156
751 603
611 492
264 363
835 724
451 939
711 57
491 410
576 964
973 894
776 134
615 605
763 278
895 829
217 446
36 838
528 806
828 713
995 875
597 931
988 77
107 91
71 444
244 784
80 785
706 637
469 641
862 323
914 526
18 603
26 126
838 241
896 616
328 378
662 67
221 145
150 151
978 492
318 789
300 768
581 145
693 887
642 55
606 764
850 178
742 492
500 975
632 4
466 171
67 854
111 823
907 22
176 28
414 42
146 956
93 761
337 47
74 262
582 551
992 269
24 15
868 688
461 198
190 412
93 640
251 670
768 926
632 339
547 810
15 320
364 550
971 534
8 658
924 896
29 36
747 787
186 463
608 443
294 136
5 203
602 137
964 117
354 19
35 921
125 765
665 838
830 8
961 431
669 918
818 624
265 368
229 655
468 841
431 803
809 883
278 478
354 176
984 816
874 811
729 36
583 961
551 295
905 433
450 590
681 218
444 107
460 699
924 362
801 721
507 752
776 305
687 197
304 562
141 161
736 533
206 441
870 992
248 367
604 163
110 853
291 157
292 162
221 68
353 948
983 688
396 320
533 897
550 545
576 492
710 795
157 542
380 713
822 272
257 424
443 389
989 594
51 948
380 824
271 699
328 963
345 512
107 929
537 130
573 836
116 913
6 478
848 697
191 86
102 631
402 812
941 578
639 969
159 534
366 443
169 925
21 612
619 774
519 219
142 968
234 20
147 182
9 949
711 338
179 325
142 123
678 921
311 832
203 123
762 742
450 688
490 997
507 961
830 183
8 202
852 971
174 699
730 491
770 578
420 863
661 903
791 824
244 571
207 433
579 514
486 712
912 511
605 542
571 658
844 678
701 43
259 104
827 776
615 613
905 574
664 111
452 607
235 89
566 959
370 885
199 706
504 238
429 185
412 905
879 833
606 11
74 184
225 60
957 355
705 458
32 668
514 272
535 138
12 417
11 822
260 270
184 950
166 890
44 310
214 642
662 250
685 59
278 755
882 233
210 221
659 864
162 408
236 777
404 77
776 162
289 795
418 97
609 338
718 44
99 956
542 894
299 619
750 765
452 320
58 187
924 554
944 168
690 900
124 456
824 494
402 828
403 237
3 999
66 369
765 433
159 744
878 144
238 51
225 932
536 794
894 179
198 620
181 977
593 287
636 49
801 236
144 681
553 515
221 949
702 188
795 970
562 979
428 797
345 73
187 890
339 551
873 675
657 894
752 316
791 751
459 846
665 715
356 734
45 109
217 304
807 577
867 170
697 265
856 409
162 790
52 614
805 96
793 616
921 547
848 525
813 533
335 497
853 372
14 734
164 207
348 892
349 213
441 587
908 254
264 285
452 706
272 88
135 975
550 542
774 674
443 126
961 765
84 644
358 111
984 650
694 501
989 135
760 177
174 365
512 588
635 8
676 983
568 824
531 81
524 227
599 569
563 639
641 409
453 619
917 60
79 417
889 621
935 680
336 262
617 923
284 638
926 53
6 790
219 83
638 40
455 373
160 487
67 7
855 102
747 665
785 900
701 381
54 259
310 953
650 10
561 989
673 251
447 240
929 81
270 347
368 661
954 644
758 748
462 919
545 417
437 965
968 89
17 520
807 33
617 471
217 961
437 716
773 98
77 597
282 527
672 155
691 745
963 652
948 266
198 491
680 630
971 169
130 587
900 123
649 189
133 340
173 679
334 900
144 947
678 48
330 898
851 388
912 424
71 153
518 984
878 624
415 668
145 424
808 248
992 629
403 784
524 617
585 826
1000 820
876 159
993 413
810 573
261 951
407 857
876 302
879 889
805 870
130 62
81 724
44 472
106 158
679 994
560 518
289 624
514 75
292 877
77 497
22 338
822 309
663 735
371 93
504 378
953 443
93 760
883 823
884 229
555 306
674 359
124 274
446 220
336 482
640 170
24 191
6 499
518 94
332 197
7 991
199 375
237 192
972 949
384 694
593 424
521 347
831 114
673 112
87 241
308 29
290 544
384 549
422 45
557 670
646 709
997 471
952 720
240 330
9 466
868 324
342 871
491 347
612 304
189 240
136 484
361 891
11 510
648 31
723 581
320 240
730 391
269 9
662 544
203 269
26 270
319 962
89 678
363 67
93 374
115 674
645 463
957 493
226 345
121 117
448 195
800 424
567 530
719 343
712 543
503 788
92 289
366 704
700 32
205 638
614 410
433 115
713 854
328 298
374 914
712 765
710 792
306 594
510 242
816 267
120 136
585 450
173 227
976 577
172 62
873 479
413 804
106 310
718 604
745 149
129 774
332 779
928 514
196 293
289 88
253 263
592 671
350 675
3 906
868 804
137 412
523 488
692 829
252 65
775 425
389 126
912 933
512 239
291 15
734 872
809 547
366 440
313 300
702 310
536 872
711 444
489 915
990 525
616 66
678 852
322 213
329 599
190 836
467 449
881 243
293 69
921 804
4 8
230 992
199 927
832 264
579 517
545 917
136 823
530 67
808 289
365 580
244 939
795 45
815 38
174 922
411 292
838 397
471 896
291 858
787 785
115 702
442 466
773 638
101 895
339 70
879 832
771 85
280 536
500 243
956 783
785 305
550 1000
412 501
405 416
852 511
949 675
698 997
55 32
701 750
961 641
504 468
325 298
847 181
794 291
85 926
746 56
234 222
361 94
987 318
166 172
531 156
977 260
898 436
295 292
885 516
318 671
125 143
91 3
720 433
737 501
409 530
157 180
711 749
986 284
767 689
399 235
185 59
281 712
102 528
711 642
14 464
472 521
509 626
536 82
845 504
773 363
640 426
273 697
436 19
476 960
703 449
977 849
190 6
69 863
90 410
473 18
860 650
386 619
955 870
815 390
651 609
354 833
503 378
271 368
802 156
156 944
29 446
801 461
658 66
570 642
627 975
78 917
566 894
491 432
402 419
847 567
403 902
234 144
282 885
986 741
224 452
369 557
672 316
636 613
395 903
822 994
87 959
44 614
705 292
615 793
339 98
567 602
993 481
866 849
922 47
705 469
101 740
603 878
819 349
568 987
239 618
361 280
750 866
162 731
325 381
721 552
576 469
831 679
599 587
376 187
124 553
179 728
898 374
97 359
172 119
46 680
694 276
860 4
145 809
774 348
388 687
558 327
453 763
312 385
954 48
370 139
30 15
73 552
21 644
363 19
85 534
194 876
933 727
401 590
140 231
517 936
521 429
389 37
797 424
926 212
136 604
911 160
532 43
350 522
939 91
99 262
264 977
172 586
968 569
401 360
972 993
703 147
172 973
26 21
553 638
436 358
38 246
702 89
213 116
11 457
218 474
497 289
652 709
139 794
800 48
490 570
181 583
787 344
423 654
597 79
486 518
748 173
212 241
680 661
221 299
791 867
79 701
761 334
231 342
13 31
987 924
239 827
27 911
226 514
178 49
309 809
573 152
421 667
232 826
782 700
878 805
595 305
249 877
56 152
235 334
127 884
209 911
336 935
353 799
605 9
823 246
519 529
275 964
2 916
385 4
10 443
357 832
283 869
803 122
88 516
988 38
115 178
286 215
281 777
738 652
422 28
154 621
926 391
486 398
489 378
197 852
936 695
902 412
635 665
633 266
673 932
162 163
814 629
391 249
856 841
484 813
547 812
36 211
419 673
824 331
506 689
413 387
859 255
643 826
823 600
204 135
744 369
204 8
705 533
100 201
798 782
606 798
532 190
665 987
173 1000
599 358
70 624
700 927
368 400
194 308
692 43
929 719
416 998
769 806
972 235
23 283
498 670
227 420
536 582
331 322
388 283
890 223
800 203
231 485
14 373
19 545
98 58
533 839
355 473
709 522
433 263
963 466
307 216
888 611
724 457
799 537
934 996
214 922
487 434
435 623
149 805
881 845
837 136
310 280
274 866
314 983
885 156
101 397
470 722
862 612
633 348
483 837
749 857
837 426
194 377
289 652
987 469
589 569
838 694
457 598
779 481
450 441
215 251
695 141
422 563
462 272
154 577
613 441
287 687
917 228
242 902
416 471
806 740
898 755
354 703
206 644
854 752
741 130
688 274
122 562
485 452
9 628
424 576
226 724
88 749
160 202
650 379
572 472
609 865
425 186
946 588
436 350
902 599
725 464
48 878
74 738
696 689
294 999
633 625
610 800
27 85
749 443
52 797
218 517
40 829
312 578
683 981
500 431
614 792
804 679
821 591
772 810
889 313
299 861
374 307
27 8
782 858
141 114
911 626
625 471
42 523
396 952
852 26
690 141
361 966
106 582
826 197
804 20
127 959
496 619
775 661
338 130
46 435
487 295
426 737
233 249
477 510
194 827
153 472
63 613
367 467
319 348
516 996
21 450
232 349
929 361
161 199
181 140
702 614
651 932
396 82
113 863
384 849
116 614
229 769
11 397
640 2
60 785
722 386
336 201
947 539
686 664
677 654
824 206
678 729
492 452
367 516
905 51
100 129
678 468
946 737
431 283
325 740
769 588
685 746
994 757
133 237
155 301
484 695
303 221
151 793
708 742
680 555
255 325
381 906
106 805
539 368
44 946
374 125
50 287
531 276
539 802
787 894
661 921
520 3
848 624
335 322
261 898
984 80
531 498
210 891
391 466
480 139
732 532
387 702
239 516
519 982
406 245
680 246
202 358
315 77
889 160
690 403
289 618
417 541
366 616
756 176
889 785
232 524
732 169
415 143
993 49
2 800
385 168
328 326
357 188
182 57
387 887
462 473
674 321
370 136
850 311
547 930
659 604
822 248
327 570
898 11
993 654
377 845
391 602
911 163
950 719
704 452
916 331
337 652
88 566
621 372
33 139
342 127
990 571
886 632
152 551
688 425
319 645
15 188
202 82
641 719
955 901
691 747
288 150
1 931
83 166
919 579
4 50
454 976
268 767
326 333
267 31
425 940
423 649
83 712
340 217
469 315
104 572
420 145
406 452
579 732
835 870
860 808
837 476
292 427
442 536
978 566
230 651
685 768
827 935
540 320
64 393
176 723
122 371
491 923
106 435
68 464
349 473
500 91
139 135
582 233
220 42
186 246
23 521
889 813
29 588
971 975
955 150
205 267
145 178
743 668
140 698
306 654
456 255
58 31
775 16
978 156
707 870
301 905
965 418
234 444
107 966
401 783
897 130
826 24
73 212
409 600
584 74
345 602
535 357
205 254
354 664
209 251
856 842
410 946
70 787
643 940
716 718
661 315
789 886
171 67
601 570
268 863
105 459
622 224
682 861
55 973
775 468
541 495
51 390
547 525
8 464
732 495
284 966
209 566
948 47
473 73
113 210
204 239
556 596
705 822
248 839
725 315
928 19
30 951
398 187
695 931
311 750
536 984
977 698
670 615
468 955
485 867
549 894
127 326
511 999
421 459
657 213
929 552
559 954
240 953
402 488
403 961
499 945
610 106
326 75
884 609
114 817
444 118
14 660
921 394
724 57
671 722
401 623
603 824
862 331
663 430
666 510
885 234
192 329
358 90
126 198
45 502
55 222
771 793
165 522
996 808
706 894
667 115
749 828
883 374
871 233
227 680
968 472
767 808
881 873
501 9
112 798
974 210
228 661
600 824
909 669
237 606
771 580
167 887
997 932
870 434
529 650
569 677
422 643
343 172
480 624
483 435
983 102
334 582
843 274
993 694
134 166
318 451
618 333
432 578
689 508
26 906
150 988
209 368
707 497
800 701
802 263
821 25
843 753
720 132
904 331
375 52
602 104
846 735
679 220
518 346
282 722
501 462
462 892
321 120
308 354
61 886
378 695
961 392
580 684
174 591
895 983
873 708
131 376
888 819
687 791
904 462
305 573
285 767
948 289
861 512
909 394
344 212
252 997
906 166
10 941
560 667
791 971
412 533
487 243
472 312
628 979
105 437
832 40
282 57
253 530
608 527
92 656
644 751
461 613
117 195
301 508
378 529
767 25
188 772
330 412
244 250
345 933
586 173
127 783
428 960
188 897
232 529
996 857
126 77
529 875
847 183
287 876
905 882
149 847
797 527
447 362
785 883
684 391
543 460
779 712
506 933
768 938
237 979
10 37
798 26
471 342
115 312
613 25
707 92
229 768
233 709
786 890
953 60
833 534
983 360
713 860
454 638
274 144
593 502
356 276
195 686
787 50
545 228
70 697
52 988
949 330
535 513
644 329
269 365
416 815
218 631
256 856
443 582
995 917
905 381
139 833
250 68
472 502
127 286
88 884
293 200
620 397
2 330
830 944
870 589
464 287
53 442
48 860
857 886
876 182
736 609
535 453
61 350
675 734
839 979
54 521
827 779
421 630
850 424
926 710
192 258
140 34
767 61
54 696
404 927
775 760
443 115
942 155
747 193
361 286
811 417
767 130
738 388
336 588
499 392
906 712
409 944
780 225
469 956
291 436
442 40
228 985
68 34
471 167
275 648
974 10
206 944
682 693
640 193
289 917
842 747
115 853
955 472
793 485
152 411
324 761
479 743
880 766
113 890
55 635
591 549
595 542
264 836
543 710
530 547
655 355
494 184
302 879
263 671
207 710
917 780
298 254
652 993
356 264
450 981
186 492
809 650
961 455
321 32
285 901
92 869
818 731
284 195
807 583
125 206
199 976
844 267
256 804
153 648
481 299
812 809
50 256
360 760
235 772
1 844
274 696
919 168
758 496
117 488
598 203
374 457
946 198
602 612
805 1
718 866
866 17
406 436
227 761
321 620
549 12
93 128
315 138
117 10
176 724
140 119
801 811
72 901
878 811
461 557
922 1
814 19
468 459
895 492
117 479
689 155
67 539
901 649
920 401
162 171
539 154
357 846
64 944
620 458
550 795
276 484
594 171
595 254
297 839
998 201
917 93
497 980
371 975
962 566
837 726
954 978
168 835
833 771
12 716
52 417
159 399
327 537
223 600
452 475
868 771
153 736
372 594
302 937
730 812
164 906
789 885
123 205
659 345
722 999
973 329
740 84
208 973
618 520
433 1000
431 365
920 666
199 150
401 219
190 943
783 158
610 906
5 378
248 695
389 987
84 293
322 494
341 434
147 745
118 12
230 586
196 846
360 724
344 249
457 318
791 897
236 462
473 516
459 617
633 806
745 828
198 760
371 432
654 314
896 810
399 905
112 339
524 866
679 778
505 260
801 823
442 287
760 270
779 692
176 847
709 443
585 229
158 630
560 549
82 153
689 135
789 763
624 476
399 732
182 196
810 961
315 485
923 738
618 246
214 725
758 890
704 499
910 891
796 579
55 364
663 621
133 674
873 938
266 5
840 98
487 961
769 442
422 640
209 85
59 567
691 870
945 554
582 801
507 409
218 92
272 924
946 84
422 354
501 683
119 236
998 561
488 314
915 223
648 994
27 495
85 285
393 431
792 385
422 76
731 692
141 488
327 65
990 643
539 505
856 755
815 348
653 343
69 666
752 276
218 400
455 413
795 768
601 209
88 956
70 892
40 831
60 290
753 53
47 36
138 769
692 70
239 780
645 415
406 397
743 428
686 508
662 690
540 282
396 2
953 971
805 170
808 66
257 972
149 726
886 271
337 344
249 915
413 705
359 133
254 421
854 839
154 239
639 899
110 530
263 906
822 726
805 722
607 624
922 373
495 810
741 526
282 331
11 955
675 400
434 574
552 357
970 732
440 959
300 91
345 838
508 278
802 799
441 347
59 772
794 337
758 646
816 185
750 534
641 34
520 409
279 590
609 342
530 794
712 73
696 590
732 404
384 932
538 740
730 885
867 77
967 640
513 921
822 141
420 72
72 69
851 751
708 812
547 742
772 513
42 482
885 980
216 529
949 439
631 341
564 274
913 494
296 504
443 494
8 396
136 65
669 937
543 912
341 8
569 617
787 162
806 194
592 186
925 752
434 301
843 75
610 829
839 779
109 108
765 866
441 222
772 212
319 190
79 730
415 676
640 878
771 404
828 195
131 117
960 459
727 975
28 411
142 407
221 486
5 997
135 954
652 352
885 710
718 545
885 48
724 114
637 943
412 792
552 35
519 609
262 458
724 225
763 845
99 512
344 749
720 852
862 659
277 7
874 197
345 817
699 18
385 174
115 219
853 805
909 595
803 464
492 983
148 251
132 768
983 116
813 247
690 578
72 437
591 262
560 90
564 690
176 339
584 80
380 979
536 403
316 476
683 292
115 358
891 473
659 463
89 747
185 84
976 185
812 343
6 410
769 281
587 593
90 91
398 272
316 681
578 308
650 153
924 808
941 902
350 920
976 487
170 34
8 473
616 14
545 22
90 381
787 81
238 813
42 139
389 998
999 539
122 189
104 448
602 323
861 726
751 614
294 813
577 135
890 198
800 162
235 775
182 770
130 361
38 294
995 769
248 634
359 414
587 251
951 634
60 89
957 453
321 611
378 884
197 464
988 509
572 252
165 818
92 345
109 644
296 846
297 539
640 420
269 677
241 898
607 571
707 701
745 498
121 296
177 78
555 881
371 176
23 523
618 147
233 183
567 988
487 766
932 345
435 931
132 853
760 64
353 766
63 959
263 169
103 430
626 14
694 247
272 516
1 90
348 311
408 68
231 365
928 651
361 164
586 599
572 518
24 20
870 359
484 166
655 633
309 61
755 229
668 756
321 455
242 67
152 359
449 103
902 844
907 550
949 495
109 386
365 24
890 393
907 951
13 636
303 291
720 844
424 645
193 88
952 155
631 35
28 142
583 956
95 230
540 17
902 648
193 378
377 389
947 17
786 497
662 548
293 143
763 457
787 553
663 202
990 652
886 433
373 226
836 654
328 445
257 999
59 319
386 5
540 422
918 495
729 491
583 256
14 517
326 596
719 192
207 28
852 487
214 776
586 183
163 90
664 725
58 364
809 492
561 371
728 732
407 277
426 667
816 271
580 312
525 361
619 338
785 516
128 769
935 526
628 44
423 107
668 907
727 424
51 955
837 312
395 285
897 115
517 698
96 356
557 169
486 270
797 730
194 945
727 281
693 409
994 450
372 512
154 767
871 606
971 4
501 825
727 930
42 906
717 5
84 334
332 229
388 791
122 561
268 893
432 723
821 103
513 862
551 130
845 417
186 558
26 827
310 221
997 358
411 847
678 771
605 966
640 758
421 139
70 738
397 402
145 185
308 275
56 364
388 363
815 204
286 922
621 237
809 995
238 711
615 531
563 140
454 111
476 467
701 38
79 886
924 331
526 12
156 765
648 285
170 961
140 169
32 546
749 317
295 783
135 998
603 774
505 295
897 659
836 896
283 512
120 462
87 977
27 519
600 451
853 927
34 505
276 302
832 662
174 453
713 181
319 61
633 494
983 806
203 752
699 215
116 835
617 930
559 835
637 447
492 658
510 607
77 32
397 249
943 136
217 605
623 322
789 827
918 657
446 182
229 782
416 357
751 905
882 232
955 668
649 345
138 990
359 800
8 734
695 598
96 844
886 531
27 458
929 837
178 626
964 597
126 900
470 266
471 551
410 68
756 983
479 104
597 341
355 86
711 301
990 892
900 140
792 525
939 430
712 294
597 198
339 554
440 68
816 778
808 483
489 595
278 411
823 530
921 693
722 485
830 807
197 362
827 559
535 342
832 135
192 102
946 179
359 779
342 764
787 609
516 353
187 317
903 547
540 383
102 424
141 228
127 975
199 562
883 613
774 788
97 40
723 204
376 481
563 823
69 66
137 587
201 218
862 257
274 790
125 363
253 790
239 487
131 560
499 394
193 799
432 113
106 104
605 82
746 24
232 667
918 992
25 887
328 377
279 830
943 917
552 608
475 506
702 694
354 768
940 255
63 888
391 689
485 214
470 874
384 897
66 110
817 477
530 654
623 1
94 721
901 373
137 472
191 149
449 350
410 972
158 358
649 373
464 381
164 679
446 61
428 728
117 614
693 100
398 384
478 708
755 471
833 353
281 970
47 923
543 998
167 602
17 668
289 471
952 17
19 186
41 278
60 534
422 149
355 114
853 223
265 350
583 842
570 563
385 981
960 667
256 543
506 93
969 579
300 870
790 595
297 94
551 683
145 18
143 571
965 185
117 173
339 804
144 571
31 570
13 27
307 258
34 611
978 565
923 220
282 204
414 184
857 848
681 386
555 693
226 289
890 265
242 616
787 746
148 612
610 411
3 315
64 315
585 207
639 4
362 48
865 79
831 886
776 712
279 527
14 840
419 152
888 7
390 267
263 27
837 434
604 451
419 361
646 728
314 17
288 985
150 395
963 356
323 965
289 853
219 148
975 725
707 875
160 742
234 443
996 331
803 454
417 122
733 564
238 402
294 416
794 936
869 84
582 827
55 601
39 116
959 39
438 447
474 159
626 568
99 869
268 809
310 696
722 928
173 996
651 10
655 60
811 274
995 241
27 291
230 878
152 57
285 615
36 642
257 683
679 488
960 278
531 337
829 76
580 982
394 928
653 926
529 400
222 143
407 779
378 649
371 110
598 597
106 895
992 289
514 262
715 651
664 679
461 719
603 938
183 6
559 183
137 890
101 393
588 999
969 149
220 9
314 66
701 566
906 654
361 101
127 586
789 211
980 610
395 284
464 249
245 908
765 69
215 100
200 259
451 721
293 953
868 850
803 713
772 920
591 622
977 78
538 612
484 42
285 7
364 512
755 369
739 596
811 195
61 544
359 831
216 567
972 982
40 628
366 300
424 723
268 604
714 764
952 201
277 986
42 177
389 940
425 447
711 217
326 377
654 75
929 600
52 793
36 678
878 677
847 606
973 687
888 933
139 695
62 609
908 833
287 388
550 266
409 270
84 904
66 751
560 547
14 631
572 165
170 849
690 24
547 481
159 323
706 900
309 926
145 661
2 54
40 381
334 323
799 287
418 806
59 56
991 979
560 963
867 705
542 567
83 174
945 63
448 625
250 709
575 86
132 287
585 481
897 45
326 641
111 885
615 261
177 375
290 78
684 551
495 123
371 905
889 708
837 684
162 7
760 855
730 883
203 215
684 160
321 398
705 641
803 626
398 314
972 875
441 789
247 441
765 316
768 378
199 314
20 479
960 914
118 398
155 688
982 39
35 966
290 613
238 791
865 800
100 796
235 574
359 513
288 142
237 421
717 923
739 191
377 731
812 945
100 995
853 171
564 50
127 394
237 310
274 448
790 794
294 775
133 395
134 860
377 467
252 917
454 57
688 973
212 507
322 583
587 209
718 773
606 164
773 716
478 322
317 832
748 100
369 420
749 701
108 203
19 714
496 685
598 546
260 855
235 200
474 768
74 198
646 838
386 202
580 716
961 582
193 764
306 309
71 759
292 224
44 385
962 924
62 974
124 951
764 304
326 963
96 80
907 146
802 932
548 128
52 884
76 641
702 853
560 894
889 902
374 846
766 92
290 227
806 53
275 653
423 317
337 196
546 272
488 184
250 955
974 33
669 470
817 323
637 66
593 164
591 433
384 97
910 18
159 549
94 726
994 960
846 865
739 57
146 533
890 657
925 110
553 375
68 737
199 393
171 232
342 115
165 410
616 112
134 399
268 917
70 521
493 910
522 812
564 103
13 935
216 269
436 652
291 733
346 656
683 883
904 100
482 80
342 972
807 414
938 847
667 263
406 361
139 878
502 134
148 912
938 734
562 674
190 611
598 364
877 475
429 874
122 268
801 703
382 858
421 646
401 728
434 787
218 906
240 718
847 421
740 779
444 472
410 216
983 677
585 206
141 408
642 415
970 816
870 217
836 985
811 653
410 506
49 138
505 568
994 850
271 575
326 702
941 532
607 731
354 963
278 701
33 766
380 787
197 931
898 454
393 790
266 108
565 584
238 288
241 460
902 401
101 40
358 585
768 917
328 652
631 760
918 751
190 278
797 278
720 329
379 203
592 824
590 215
539 835
846 893
740 192
673 444
342 228
565 923
608 434
354 502
975 776
217 670
267 761
190 963
156 215
485 653
199 147
6 421
574 933
226 815
924 44
818 619
302 616
605 785
397 364
881 201
169 213
632 901
928 443
526 187
147 746
317 166
749 355
550 412
747 644
481 421
373 127
688 917
13 62
714 157
516 171
675 659
224 385
62 725
72 597
697 794
990 369
404 636
166 631
978 681
638 391
359 745
131 877
249 780
503 899
149 792
469 833
918 220
176 977
969 148
849 446
525 359
448 645
289 647
509 36
883 235
132 843
765 211
766 148
912 964
2 562
135 465
730 749
340 881
916 186
134 11
510 688
994 793
322 353
708 203
690 874
474 193
493 163
1000 9
963 927
970 841
91 840
420 642
185 259
906 293
1000 408
599 144
105 564
215 683
916 766
534 805
683 157
192 592
946 585
564 168
341 113
164 542
556 564
762 737
236 248
574 208
482 24
448 488
640 534
970 293
532 556
259 448
23 427
373 715
784 673
278 394
438 614
226 132
317 827
178 99
291 832
681 72
522 714
313 972
153 871
144 46
734 199
832 91
979 156
338 236
980 195
429 195
323 576
453 205
443 107
652 93
728 779
162 689
988 197
182 308
23 988
337 317
894 235
1 230
702 958
439 780
98 910
859 705
716 846
718 132
958 663
237 684
157 364
983 800
585 369
604 59
24 479
864 58
651 74
414 60
664 239
96 497
228 150
45 456
817 439
472 608
234 515
733 635
293 606
938 389
497 243
542 3
121 915
485 402
724 542
835 156
954 747
439 923
133 54
387 218
950 663
365 77
703 448
226 757
138 943
14 250
271 201
960 514
959 860
595 772
716 71
645 77
42 146
136 467
319 578
37 961
787 788
494 834
504 604
526 115
667 476
36 731
255 465
165 57
408 866
476 490
62 435
395 556
785 100
549 899
362 737
615 646
796 892
109 958
291 892
706 529
46 246
193 578
430 145
801 771
804 422
73 180
550 646
516 498
28 335
723 206
413 674
838 141
219 639
653 513
25 426
7 270
893 755
714 262
866 589
707 595
618 186
581 54
121 894
68 159
305 251
968 389
396 662
73 359
600 622
618 205
419 476
665 20
333 190
44 55
716 615
302 224
231 547
167 827
205 68
33 391
885 738
544 955
648 671
56 908
418 271
826 240
756 369
993 690
552 896
954 796
518 117
556 952
774 3
668 514
964 405
324 628
694 945
256 508
778 337
160 152
688 430
105 524
514 986
677 574
146 54
365 194
517 197
890 483
904 467
691 750
201 953
216 270
291 732
532 987
443 521
146 216
305 633
303 978
514 623
967 459
106 797
611 101
338 515
175 148
822 849
148 768
314 616
10 865
338 402
637 878
88 149
163 325
771 2
576 250
171 830
61 382
474 997
554 545
953 807
923 508
32 731
382 53
166 810
162 761
969 255
736 222
384 291
756 145
331 966
101 484
653 397
489 66
527 320
474 694
92 233
580 342
15 517
162 475
54 85
236 840
497 968
116 790
499 134
814 723
618 432
447 430
124 297
287 689
272 662
371 832
579 295
285 511
397 854
129 940
464 61
952 83
17 963
509 579
795 764
764 223
169 937
385 740
117 995
601 942
48 538
472 886
333 612
351 454
246 312
322 200
53 328
240 321
389 950
907 825
146 44
638 363
381 988
832 436
96 121
970 270
349 215
231 483
316 924
89 318
726 690
134 533
518 846
904 718
157 978
286 750
421 697
193 522
180 326
396 489
935 852
404 244
888 327
690 453
74 434
68 305
784 2
947 462
969 10
71 702
475 465
723 119
409 963
33 959
965 222
362 933
901 919
827 21
258 744
478 855
926 715
6 837
970 567
789 209
349 730
660 354
242 817
522 335
741 345
959 278
836 99
267 856
840 102
402 577
55 665
572 549
43 544
462 645
33 507
531 612
493 273
21 650
594 316
877 683
32 223
521 495
25 760
246 634
646 885
665 520
838 937
363 587
259 660
207 746
635 231
636 148
803 775
398 233
716 92
688 707
800 15
479 555
35 778
307 49
952 186
146 145
520 414
669 739
943 388
1 799
383 203
644 39
421 490
244 515
61 83
45 558
227 343
176 132
748 243
306 90
625 145
334 564
886 97
526 438
849 989
649 553
689 628
597 867
410 127
50 38
182 491
753 621
681 472
957 379
5 798
583 755
767 4
14 996
127 933
741 953
563 845
571 342
111 657
352 32
83 176
926 660
819 612
749 795
336 756
353 714
634 557
908 278
15 972
971 906
25 900
280 987
561 126
745 233
928 839
211 581
159 301
936 742
522 355
525 620
547 908
324 371
492 653
368 899
100 474
319 56
603 485
436 964
113 849
564 504
927 590
626 145
203 928
609 933
593 88
740 153
523 373
997 140
198 741
425 271
27 463
530 474
949 292
535 943
282 563
217 384
967 192
859 475
271 377
441 614
304 950
526 193
213 202
991 95
683 934
982 963
809 292
878 583
465 790
931 625
400 135
255 135
481 171
47 437
213 925
107 118
640 785
4 645
645 512
451 613
801 770
70 137
399 973
808 34
516 499
430 220
560 643
460 985
580 718
358 148
50 861
839 607
691 965
41 550
634 367
582 135
816 379
176 922
563 726
471 205
254 167
805 573
281 369
763 943
378 501
310 228
450 902
461 72
621 810
802 132
828 976
703 708
500 513
394 146
323 8
587 887
403 916
526 758
375 804
525 993
786 547
532 67
792 176
521 470
834 823
262 820
284 36
730 964
12 779
56 235
313 252
171 234
651 676
979 975
431 340
837 817
373 549
825 266
517 196
666 782
338 847
100 818
193 112
492 196
934 55
23 268
317 47
86 340
434 205
623 567
327 154
455 353
864 413
941 28
887 354
763 176
691 399
692 892
487 699
93 505
616 462
446 975
29 280
412 555
197 331
469 438
17 221
257 622
754 612
574 459
335 477
487 377
682 129
409 196
463 57
589 618
66 725
174 414
144 119
455 933
269 787
128 539
993 119
701 702
723 90
262 426
902 499
103 196
250 648
179 652
897 841
606 741
534 398
758 544
271 569
723 440
29 759
175 809
382 359
662 277
31 302
500 613
484 162
945 688
51 833
307 747
767 737
94 801
43 229
302 946
357 269
930 183
579 608
953 14
919 801
25 739
280 55
772 709
446 476
437 975
289 263
221 836
493 991
955 822
243 712
711 353
472 230
916 587
497 373
316 943
445 13
503 315
950 894
882 864
759 234
652 736
122 221
984 240
658 17
911 833
37 84
995 976
189 121
872 763
982 702
450 583
507 538
420 179
297 200
26 278
597 989
411 336
396 132
112 249
867 379
524 648
746 520
144 196
326 220
560 764
297 490
830 732
192 208
196 760
876 266
35 314
538 143
813 375
515 519
948 403
429 110
451 458
13 367
822 719
491 957
58 360
166 855
780 215
582 207
361 473
966 686
415 188
55 69
353 685
851 154
968 478
715 891
42 951
978 235
318 536
10 297
948 507
146 921
846 18
742 227
732 397
57 387
96 471
522 223
65 664
634 859
928 538
242 16
975 968
191 89
417 854
56 820
953 42
458 712
683 497
481 825
413 352
911 225
473 397
185 257
995 304
190 18
82 907
156 134
963 814
147 957
932 184
744 927
191 396
346 679
956 556
859 860
537 552
423 617
618 779
269 323
930 671
290 830
75 60
477 736
118 242
299 948
838 731
697 745
856 565
511 897
424 387
889 125
374 411
658 132
252 995
683 483
934 857
614 717
335 484
173 393
782 861
822 798
848 681
500 340
435 547
899 400
877 927
838 167
809 887
913 764
128 596
754 910
371 562
278 942
690 486
965 32
887 976
630 654
205 747
23 990
121 484
178 642
516 717
730 119
633 257
318 933
999 342
112 816
483 759
153 959
841 733
499 265
305 45
171 338
137 710
890 596
103 579
507 346
750 650
237 973
462 742
634 895
104 926
642 568
759 761
798 943
566 155
935 114
190 191
416 232
952 394
661 494
262 619
848 186
721 332
338 872
677 489
859 474
218 462
691 261
303 75
382 752
329 452
346 554
221 686
254 107
464 769
340 590
886 211
962 799
815 93
47 455
415 675
587 210
610 145
791 964
631 773
154 443
227 707
156 733
433 320
35 404
594 637
425 740
139 434
946 62
505 342
912 242
811 715
170 816
135 966
804 55
577 619
228 737
465 354
263 51
177 438
474 720
3 526
7 46
996 301
871 815
93 747
171 289
194 578
713 294
125 490
115 508
778 234
449 560
232 160
948 375
172 796
888 10
588 942
787 265
881 742
111 973
665 677
746 472
983 405
399 68
347 447
989 868
812 739
515 659
673 99
824 241
165 391
540 757
635 817
574 908
170 446
812 513
193 119
490 915
92 867
218 418
330 824
387 179
406 765
755 903
781 479
801 481
70 814
860 900
610 851
654 873
26 384
784 604
344 227
217 283
216 18
857 811
843 328
370 942
477 970
559 124
482 800
176 635
943 157
681 390
455 535
558 828
335 77
531 534
797 657
88 262
434 782
236 646
257 783
449 515
813 274
939 987
601 446
22 504
188 976
562 229
419 156
993 231
595 23
169 455
395 103
380 703
58 439
98 948
232 510
180 582
93 719
944 11
491 249
711 911
413 200
676 722
148 11
42 754
884 285
318 351
944 154
301 531
252 199
608 343
41 826
449 653
674 94
551 772
312 131
367 871
66 398
638 742
604 780
774 336
355 722
351 435
155 716
137 644
657 642
341 233
33 168
803 924
517 150
385 875
833 321
13 631
531 6
492 154
956 521
556 595
878 248
248 846
190 849
818 614
982 477
86 262
640 670
770 709
643 593
769 830
256 663
630 451
667 375
338 707
786 91
571 787
917 771
847 582
208 527
344 255
951 548
330 62
740 613
28 425
260 596
926 781
892 799
329 79
370 805
975 192
107 462
469 683
865 254
170 776
211 476
250 570
35 138
219 953
12 170
231 822
949 711
625 879
720 785
385 120
645 906
417 335
44 429
884 83
560 825
413 827
180 602
966 585
883 157
868 719
500 715
546 343
927 822
162 49
673 856
347 217
918 654
791 316
579 402
356 25
673 52
855 33
712 305
805 922
713 728
660 49
842 956
937 748
275 899
665 669
317 351
651 670
233 611
644 493
846 975
302 749
136 220
209 506
267 340
271 246
612 8
891 83
964 653
496 249
976 307
322 349
977 671
706 503
937 306
620 273
17 122
917 807
97 948
635 436
429 909
726 877
696 304
443 259
848 539
285 951
406 391
28 397
50 85
969 377
149 623
369 649
758 173
982 450
221 13
850 447
61 420
874 457
50 183
123 855
610 351
560 616
385 961
301 6
874 344
713 94
987 619
399 649
845 585
903 361
500 922
317 764
931 96
108 432
938 940
222 683
337 323
524 241
943 649
958 427
315 372
267 233
659 731
626 602
718 58
777 548
104 880
481 738
305 497
535 648
86 358
660 102
932 963
739 743
731 485
564 506
307 595
657 807
630 847
405 702
744 222
961 19
674 249
124 160
222 102
744 109
962 60
104 204
303 372
769 580
402 103
195 839
484 703
347 737
563 166
117 763
977 618
377 358
85 29
624 737
752 310
150 530
882 417
296 284
9 697
66 954
473 932
212 485
340 60
213 810
343 879
783 498
734 388
45 673
306 207
575 186
810 591
727 954
429 147
287 245
771 440
738 189
387 675
596 67
780 442
81 631
23 908
542 644
248 32
546 731
563 683
893 752
414 283
197 169
179 690
761 260
662 45
116 31
779 323
600 420
709 14
642 217
419 368
21 780
900 769
963 399
871 814
318 782
629 968
831 396
922 488
135 389
655 754
842 643
314 344
980 789
333 387
234 467
966 800
683 282
258 867
831 354
146 640
613 38
284 278
11 387
859 234
717 200
845 403
556 842
852 932
678 765
626 2
330 583
826 576
527 488
843 783
950 993
293 290
648 783
747 848
669 903
531 735
643 628
146 68
60 386
297 48
544 479
249 335
435 476
70 815
161 513
610 848
355 343
770 512
878 609
383 141
420 153
761 341
192 40
339 811
162 816
787 531
352 686
500 286
321 613
875 186
396 113
163 326
996 990
460 872
687 155
447 902
361 705
822 630
19 859
296 820
807 108
373 298
528 399
585 242
913 699
590 637
274 887
262 424
230 124
424 349
126 61
309 579
728 629
548 160
552 291
435 937
185 958
976 607
502 804
558 505
634 611
102 917
965 281
914 969
729 526
868 724
816 71
873 122
950 22
414 638
340 968
462 684
963 137
581 730
557 699
205 246
668 754
134 178
372 601
138 177
915 859
772 560
686 750
284 33
178 725
4 897
863 646
204 1
117 992
613 939
348 41
483 202
48 541
602 156
14 884
318 152
545 52
801 162
566 610
243 687
347 696
791 587
259 714
341 91
388 494
969 913
184 267
408 959
117 691
728 328
340 150
341 443
680 747
553 355
347 838
611 53
227 316
672 415
909 414
969 755
572 440
144 344
83 349
815 20
598 396
196 964
213 994
965 7
515 840
643 159
93 332
966 115
491 145
643 44
625 94
410 458
961 913
908 184
954 458
387 763
631 530
210 970
586 177
562 134
987 447
434 533
3 568
757 345
48 159
447 745
659 849
716 806
788 683
55 500
295 421
333 242
267 204
361 249
345 668
915 312
771 466
674 385
712 84
451 8
732 83
579 215
918 967
64 887
158 129
859 52
400 614
521 387
993 718
510 385
360 93
70 789
881 685
147 225
4 702
367 890
423 180
480 854
228 476
781 802
782 453
657 785
77 817
133 111
910 297
587 748
365 246
362 703
829 679
982 399
252 680
111 984
36 277
857 215
783 251
914 118
930 670
632 933
706 500
752 154
735 99
451 271
683 972
334 904
120 532
192 993
728 211
24 738
839 193
493 517
421 376
169 471
478 363
630 139
729 303
605 388
273 305
202 105
365 715
41 813
114 845
527 533
390 208
109 710
295 773
335 4
577 16
822 574
605 166
701 883
524 908
248 5
283 518
152 151
641 744
549 303
680 146
277 236
794 390
633 150
743 105
12 335
215 432
732 222
348 215
920 464
996 603
614 158
863 542
751 467
241 686
202 956
152 233
336 646
390 103
287 741
474 284
497 917
495 390
445 685
524 464
432 824
713 409
896 151
968 802
474 399
774 136
725 982
797 297
393 931
46 999
267 982
774 27
389 55
906 227
925 133
375 242
452 662
159 733
894 709
795 697
685 517
638 575
806 283
863 734
555 25
21 909
562 887
742 713
1000 504
639 871
415 873
180 226
916 670
646 48
591 796
375 245
156 27
786 254
420 896
170 927
4 71
367 749
80 485
463 994
246 564
450 747
217 140
723 662
856 501
819 235
952 640
916 867
904 606
358 902
762 995
796 980
531 396
827 549
757 812
978 587
126 469
731 853
216 143
573 138
704 923
408 516
724 10
173 380
174 47
947 365
625 635
839 918
535 50
653 131
197 7
235 348
483 934
690 392
340 753
617 305
185 560
404 790
921 100
525 346
965 147
98 646
440 610
702 862
25 200
300 54
68 42
529 552
15 557
326 742
336 354
817 714
46 545
845 223
708 105
671 359
488 204
989 576
403 165
756 381
81 67
906 52
980 901
461 642
471 370
630 825
119 938
284 279
952 313
886 710
82 958
122 627
393 185
695 688
627 742
777 3
962 1
601 967
284 53
276 332
622 47
125 749
199 170
19 192
762 690
309 638
951 828
388 40
734 330
632 878
173 668
598 135
973 737
278 441
207 461
613 586
209 892
412 695
697 551
493 572
520 40
244 582
961 874
28 327
192 405
362 393
442 916
677 126
970 200
727 1000
66 720
784 907
452 809
70 232
867 574
67 626
802 739
235 312
589 809
148 465
918 53
41 519
463 344
766 387
676 111
309 578
662 206
314 936
22 361
461 775
957 898
724 883
547 154
509 27
498 268
968 483
219 234
862 912
955 286
115 45
769 246
390 47
836 11
219 187
319 620
347 78
112 969
650 499
617 124
655 582
656 544
475 802
521 614
856 851
266 331
252 48
199 475
570 157
938 345
332 248
375 186
623 144
381 517
717 235
973 321
941 995
213 316
397 645
200 681
40 670
557 992
27 392
467 577
963 597
793 601
506 878
456 829
740 667
381 984
130 546
536 545
520 486
744 836
804 550
491 485
311 534
922 681
481 335
578 215
467 268
977 388
126 563
93 474
865 411
415 357
511 204
387 476
615 714
652 336
691 138
208 284
378 659
1 578
383 390
684 961
520 802
886 315
245 417
779 540
884 776
116 434
922 109
210 971
746 276
43 176
583 398
508 548
124 868
572 361
519 678
132 986
651 502
28 879
793 620
35 29
182 220
935 950
849 433
742 388
508 266
902 340
98 854
10 212
586 995
96 379
884 204
854 556
195 97
896 140
915 920
94 881
832 279
210 414
883 131
525 981
289 85
732 319
926 789
793 421
542 40
867 361
973 148
316 761
890 722
692 332
345 351
878 115
147 81
95 783
242 241
218 124
801 220
825 214
609 895
703 221
544 314
782 228
290 970
330 751
777 420
209 666
855 615
325 552
515 632
91 666
754 374
772 105
925 661
86 403
38 278
759 418
389 584
540 542
570 863
892 607
306 86
568 381
329 271
184 518
277 567
354 760
387 427
207 298
786 940
407 948
834 448
191 845
175 328
141 256
308 943
628 548
525 194
965 779
322 799
107 31
698 309
148 683
150 9
391 369
217 871
400 972
534 227
862 300
754 909
719 173
187 500
650 996
888 359
143 11
210 943
340 734
606 785
55 53
862 715
222 542
123 893
990 496
254 143
663 683
405 151
392 810
48 188
410 575
72 50
456 209
438 449
721 731
495 16
996 555
381 137
257 305
479 524
252 154
388 143
811 775
3 834
561 299
299 43
926 84
785 916
125 998
353 811
994 937
151 732
759 363
190 162
191 207
963 894
450 87
346 868
592 916
706 132
946 663
857 272
584 760
381 702
493 932
900 228
627 640
359 575
485 704
535 694
271 325
38 80
645 72
354 157
948 159
696 240
492 115
187 999
80 629
529 304
195 836
126 760
628 794
476 543
458 62
991 488
403 915
724 309
173 601
264 459
175 255
838 341
931 629
930 896
737 678
476 398
663 154
409 323
727 967
212 112
987 826
605 487
307 348
93 179
981 932
857 750
550 699
158 895
275 538
887 990
896 665
591 224
331 832
515 442
755 725
556 482
780 154
822 293
198 299
702 863
352 191
603 931
558 662
528 210
395 461
509 999
625 902
475 59
497 551
333 185
297 995
303 491
746 146
750 570
48 69
495 421
400 692
746 293
530 886
986 340
327 556
954 950
794 607
636 276
764 833
642 539
484 729
229 469
901 382
815 728
962 380
978 800
944 890
531 785
453 915
758 738
425 478
850 553
965 481
122 624
543 606
912 984
15 17
113 83
425 367
446 439
857 364
821 201
330 724
916 691
593 346
406 513
190 952
122 850
730 149
210 297
688 641
460 187
985 853
39 610
977 741
215 88
610 193
339 880
657 112
52 590
774 969
683 676
248 497
568 676
788 861
37 367
990 159
279 294
249 905
710 14
178 439
325 36
953 779
904 887
292 179
934 582
153 211
75 794
836 944
604 179
37 577
307 309
894 213
348 233
519 722
947 187
889 827
945 121
905 549
125 505
751 421
205 257
388 743
95 434
745 276
789 156
860 227
533 195
954 104
674 379
267 819
106 361
2 853
534 727
917 213
422 669
193 430
125 844
266 328
622 383
437 481
935 422
591 512
602 235
587 629
327 310
185 489
420 67
857 479
765 766
520 785
777 62
338 924
711 349
269 458
938 11
388 488
264 214
874 909
534 566
284 137
322 372
948 160
507 816
825 411
296 327
539 389
231 393
1 822
757 961
522 556
308 549
694 855
611 132
757 108
922 729
597 985
320 123
179 816
507 655
697 947
3 126
649 560
376 322
326 208
798 148
781 854
166 617
25 331
460 910
779 606
767 111
608 748
185 653
917 708
483 912
27 642
504 85
455 918
568 967
483 993
802 631
514 35
254 144
662 235
846 372
684 375
371 533
390 494
828 694
315 365
998 226
488 611
971 882
118 140
647 35
426 421
428 347
67 429
513 27
586 627
718 76
205 7
722 371
214 319
608 374
536 467
647 449
707 106
708 817
251 806
752 833
882 252
55 954
212 601
449 287
13 694
623 183
660 931
221 954
976 8
133 109
463 746
691 527
783 39
398 67
168 452
440 181
905 109
209 520
798 736
235 520
436 289
329 556
133 400
445 414
691 346
730 508
109 785
518 525
406 299
18 867
593 325
961 849
748 127
469 618
675 442
795 470
304 459
305 870
420 433
795 327
745 656
272 391
732 954
400 973
278 286
387 729
337 332
672 633
124 938
55 52
856 374
62 932
447 435
984 554
920 466
277 91
944 488
873 278
953 398
864 63
92 824
945 786
897 87
312 497
898 392
9 439
300 370
622 469
346 208
988 775
916 100
777 954
794 632
445 540
319 39
363 895
567 349
897 369
3 978
318 564
518 565
786 587
834 309
280 412
47 542
478 30
217 839
975 708
311 917
994 537
886 619
319 874
531 978
751 887
152 581
501 424
86 210
863 510
521 121
89 81
967 76
179 970
455 376
848 988
373 799
299 916
654 46
621 201
696 352
58 889
347 896
238 766
659 546
644 919
403 771
867 294
738 201
444 348
550 696
496 270
184 769
760 480
903 424
663 966
157 774
399 889
954 384
610 159
173 28
945 195
429 434
896 521
895 323
879 590
9 583
472 322
840 374
193 896
253 112
501 30
129 184
827 449
96 181
615 870
832 633
172 250
154 541
163 184
875 573
917 176
152 118
834 666
944 242
836 416
54 365
115 369
190 381
195 457
768 63
398 366
698 432
347 258
60 857
332 214
760 745
635 983
428 577
964 403
432 516
34 840
623 126
773 179
608 601
426 46
172 574
66 473
240 460
574 801
260 425
797 222
808 681
333 990
543 744
142 60
273 947
208 648
282 899
928 113
782 76
160 491
899 784
916 914
611 26
957 250
902 677
193 149
250 110
71 140
454 28
644 996
353 367
322 674
93 357
442 351
335 472
482 828
945 444
326 783
549 50
791 85
776 920
390 598
980 146
603 809
343 594
54 739
463 437
211 452
995 482
984 708
991 899
885 140
278 874
980 368
747 167
167 614
701 876
836 855
603 612
182 97
275 577
632 20
6 819
564 889
349 609
878 45
300 427
257 962
824 597
586 604
37 900
59 692
81 28
544 852
217 620
254 561
613 246
389 508
854 736
836 299
507 503
750 305
789 891
646 28
503 99
402 904
223 352
741 227
554 262
651 957
599 378
969 773
365 160
94 358
294 100
80 272
19 562
339 637
817 957
855 605
881 194
644 186
353 425
481 732
189 3
467 417
550 4
623 598
977 704
356 667
818 308
933 21
58 817
420 184
274 466
574 281
26 275
192 55
134 942
675 930
439 381
180 151
478 285
891 19
32 543
903 611
870 914
118 855
563 966
875 40
586 45
128 589
439 3
520 947
704 176
980 293
552 484
348 95
404 857
760 135
923 591
96 233
115 237
191 561
769 150
534 406
300 504
450 397
971 885
475 98
756 401
295 311
522 329
872 654
979 690
319 189
414 131
12 495
557 933
500 582
393 900
410 874
105 370
601 832
932 939
696 146
593 229
538 622
99 620
133 610
273 71
603 12
271 988
826 293
588 303
554 363
853 25
337 705
213 478
398 64
129 733
425 166
899 890
276 233
449 56
89 209
108 283
968 716
695 875
284 559
246 393
543 823
293 72
611 453
574 219
705 920
285 696
467 445
811 995
437 809
421 404
61 109
890 7
969 748
231 271
606 219
148 855
75 785
421 357
648 439
244 952
170 551
190 546
110 125
382 778
719 721
813 922
785 147
278 48
934 800
303 615
741 944
714 832
421 371
206 278
859 568
179 602
328 160
864 466
58 265
499 441
103 267
935 596
58 504
167 558
996 582
266 205
840 170
936 605
849 300
595 832
334 148
372 335
923 841
965 478
307 372
647 6
708 112
678 293
570 113
205 42
669 379
707 184
689 357
974 326
354 599
519 245
727 26
473 323
772 523
61 604
354 454
650 235
113 949
20 487
137 133
319 661
365 215
611 259
248 795
501 439
321 81
878 367
976 165
925 710
284 242
105 827
273 103
290 863
30 295
743 740
444 381
1000 552
469 299
1 893
329 344
365 394
407 101
786 302
606 183
311 457
791 963
938 629
775 127
545 573
782 770
677 40
793 747
222 847
204 750
297 404
500 181
283 729
908 514
183 928
226 392
724 132
980 238
709 488
822 537
589 770
572 48
150 154
766 362
470 679
434 585
733 99
201 338
718 457
279 429
547 227
604 496
881 861
703 860
925 394
124 685
550 837
440 724
651 30
102 892
233 995
328 777
402 624
789 900
824 136
519 31
385 829
209 122
565 749
103 610
548 509
110 202
440 306
663 796
613 209
122 668
581 627
656 598
324 748
590 195
425 435
29 81
566 376
489 564
280 505
377 955
432 660
860 716
635 820
172 718
265 683
273 801
243 683
666 776
78 800
536 968
406 758
687 867
726 975
123 358
425 137
469 350
967 51
787 825
492 81
65 178
820 311
911 664
990 99
493 569
847 542
792 784
889 268
373 99
35 550
28 578
588 650
537 936
439 280
292 800
116 8
690 246
660 619
340 451
141 174
849 799
386 55
913 736
372 738
178 437
805 872
922 287
663 414
927 261
155 458
362 57
864 299
573 560
666 17
957 558
651 463
559 718
194 364
519 424
586 232
415 198
291 460
721 519
614 202
746 978
802 960
101 351
879 722
197 993
510 339
438 28
466 844
73 661
681 982
388 624
742 249
889 539
599 832
926 496
485 96
802 162
710 603
396 919
930 693
366 221
737 479
665 362
168 846
67 64
54 819
343 247
328 692
262 891
493 699
397 928
532 109
932 775
350 576
578 767
650 208
800 116
393 73
503 98
509 901
214 243
167 139
82 929
968 578
256 590
755 442
355 8
549 512
833 245
541 188
523 657
818 611
838 614
948 273
606 450
991 502
246 477
653 691
545 810
639 542
697 535
839 72
397 501
93 486
666 526
593 614
139 642
617 959
784 701
531 344
40 221
563 43
467 254
680 781
610 82
724 478
781 49
719 293
405 301
5 803
586 42
594 977
334 364
392 979
376 34
37 611
884 954
504 768
633 254
914 368
414 343
681 528
710 572
15 614
398 586
113 588
280 117
444 824
854 547
716 512
646 902
877 531
72 326
21 659
150 889
146 708
517 979
475 688
830 362
337 695
360 208
143 17
950 643
57 208
60 753
849 489
958 142
1000 384
160 199
879 808
856 767
783 86
694 567
576 718
62 189
255 340
716 170
402 286
442 787
888 831
207 529
502 87
729 17
213 160
914 133
807 594
283 478
707 673
575 583
743 417
620 44
183 814
22 232
203 847
26 231
230 335
856 170
269 769
715 721
643 12
461 537
832 83
351 645
101 754
452 876
932 86
456 359
477 303
136 857
489 225
253 776
580 503
529 951
612 800
438 778
941 66
871 769
642 865
608 686
335 580
863 774
789 111
831 484
501 961
802 234
141 924
496 956
413 60
110 158
24 197
711 624
342 509
805 191
369 433
223 298
761 919
833 482
191 200
527 354
351 502
298 14
662 5
427 430
127 226
708 565
705 857
852 536
299 744
249 453
156 23
51 379
839 498
408 376
166 152
683 782
848 727
807 737
23 342
170 742
282 988
36 707
238 745
95 288
5 712
433 489
899 212
349 181
245 233
170 536
689 568
391 432
88 129
59 256
34 299
976 651
149 767
830 670
409 98
395 147
129 355
883 540
269 519
6 954
174 380
141 589
533 827
92 29
24 357
82 487
673 584
222 258
915 759
418 37
607 895
114 748
498 313
234 333
751 352
328 778
220 744
498 454
138 55
992 485
343 210
110 203
437 25
574 634
560 36
869 38
780 825
798 98
674 52
935 447
459 334
778 502
851 660
873 844
893 273
210 350
825 49
225 977
851 773
265 106
677 597
825 162
111 453
593 462
100 170
655 34
948 88
441 538
351 123
484 600
948 207
866 336
758 290
351 136
545 781
284 215
165 116
939 533
929 241
391 873
285 699
135 749
502 270
654 187
993 173
663 187
207 239
889 508
338 394
157 966
250 334
149 674
900 686
410 190
763 516
325 33
515 113
53 978
917 685
918 538
625 364
413 670
749 954
163 427
951 386
310 270
774 633
851 22
339 362
512 904
223 904
893 768
91 266
474 702
607 706
497 631
777 645
444 216
120 234
928 791
177 293
860 254
110 389
236 832
507 645
371 987
910 794
180 755
932 546
238 297
935 381
99 997
225 674
928 757
46 944
485 240
555 310
259 885
498 125
545 380
251 799
716 707
863 636
8 642
981 737
314 572
19 2
789 746
890 557
80 131
848 487
352 771
95 53
869 542
49 805
13 962
18 88
735 229
682 499
95 90
634 430
504 557
47 167
250 17
503 417
485 918
964 540
277 686
353 280
80 560
852 822
14 327
540 155
927 531
567 754
753 744
718 842
865 278
550 375
917 592
847 275
892 900
415 391
719 213
797 875
653 199
656 53
492 483
71 694
440 960
595 72
159 19
253 212
969 131
956 399
283 607
608 956
715 880
647 143
261 592
728 776
210 962
822 403
979 692
963 219
346 251
451 7
315 588
688 34
780 530
394 341
507 292
270 448
570 202
845 116
4 532
722 257
854 258
80 159
379 238
360 209
837 865
534 835
169 909
596 812
483 237
341 151
237 38
863 374
705 892
134 588
144 764
284 121
490 834
971 145
756 885
377 332
527 92
711 211
19 365
701 345
459 850
244 740
62 201
303 45
507 855
900 433
869 788
619 961
986 528
662 735
535 327
80 683
234 184
585 962
69 305
98 323
904 658
835 954
449 255
714 9
554 606
499 669
277 675
694 345
286 605
418 717
161 675
476 123
991 948
741 929
407 519
547 376
269 738
552 450
440 988
239 468
367 259
562 167
286 383
35 61
698 871
770 440
663 679
885 499
776 793
836 169
638 21
362 784
989 341
771 542
873 420
730 551
487 904
918 578
25 785
815 994
561 199
266 45
86 698
548 475
396 856
608 166
462 745
410 844
234 520
290 294
916 470
475 878
205 185
498 133
418 450
972 925
994 933
5 226
910 671
693 21
703 108
834 973
835 316
252 346
661 28
147 990
976 390
90 284
919 437
407 129
445 78
411 66
456 889
454 164
290 861
184 456
421 37
79 569
647 891
583 121
144 982
507 618
120 565
679 571
222 162
746 568
748 94
589 990
74 125
594 628
848 652
317 967
446 821
676 146
784 51
982 842
670 990
511 238
384 417
956 997
455 846
906 618
745 514
16 220
179 696
784 729
206 874
607 600
704 361
776 678
101 503
676 967
269 927
861 477
149 65
10 281
340 988
768 869
253 13
404 113
580 138
267 779
973 97
860 138
900 263
998 312
621 947
358 603
569 744
271 880
594 365
618 359
674 53
547 801
581 454
682 875
759 331
947 581
886 586
319 926
191 380
346 759
838 16
672 171
801 265
415 985
217 66
770 760
551 349
700 633
701 272
787 328
672 26
229 747
160 494
198 362
643 395
716 243
203 384
744 764
726 828
52 731
1 863
18 791
383 139
95 263
209 896
784 738
828 251
4 469
524 668
338 395
378 888
822 985
764 359
662 886
132 344
758 239
178 435
1 490
23 825
960 193
779 647
432 298
822 763
864 301
644 571
266 572
581 128
763 869
897 833
571 150
477 391
230 193
175 832
452 839
975 297
2 649
722 248
850 965
31 278
642 985
780 104
500 621
926 1
675 762
320 870
589 74
204 424
795 759
186 902
851 691
730 928
161 507
345 326
695 610
790 974
493 70
39 510
427 344
618 637
530 395
497 412
80 132
333 622
268 947
571 136
184 162
296 444
721 397
117 524
373 690
212 752
978 859
939 483
855 719
53 625
936 379
761 394
368 252
34 623
705 211
28 416
50 424
554 1000
407 323
316 346
88 489
913 776
456 333
440 850
360 572
852 491
67 597
654 545
966 279
898 239
738 494
120 41
317 721
546 541
304 144
452 40
415 164
756 254
205 336
119 782
48 149
49 172
968 502
736 98
202 898
556 309
538 975
81 851
966 52
722 96
376 881
713 278
917 132
629 906
282 923
194 901
376 992
30 39
721 924
902 107
464 131
216 740
432 993
768 75
254 592
893 905
539 904
774 49
906 201
579 614
4 676
646 255
425 393
668 579
382 520
545 970
677 667
844 188
186 562
423 771
348 258
839 379
346 828
554 505
539 583
812 561
962 66
17 337
878 342
40 526
792 573
243 861
230 769
982 496
307 56
329 464
369 983
728 298
416 640
201 750
438 717
311 625
882 527
41 117
762 969
959 657
122 104
681 779
896 997
235 998
496 301
830 902
687 123
598 418
587 191
973 902
544 841
939 890
220 708
836 726
122 330
13 425
240 291
92 358
697 828
889 36
880 54
638 425
568 897
920 423
951 638
408 641
508 436
127 642
898 354
992 9
96 62
499 43
428 21
600 638
837 383
305 294
785 732
915 733
625 925
42 915
868 539
120 291
638 101
777 981
803 432
876 810
651 68
780 928
413 137
608 167
485 311
380 51
254 588
920 914
719 514
356 36
198 835
60 800
873 135
65 926
262 720
1000 111
87 293
894 911
384 590
169 1000
136 255
1000 510
48 987
173 272
899 538
441 764
896 688
173 801
170 246
963 643
277 771
151 814
236 214
273 100
181 627
75 208
332 236
905 367
315 172
855 759
222 16
574 325
724 306
796 199
725 231
250 185
342 24
288 470
416 539
625 275
645 486
630 44
580 785
753 695
202 439
80 872
667 195
406 21
704 71
602 807
749 980
954 396
278 834
816 485
407 554
410 378
193 890
766 361
987 588
932 475
607 603
671 958
508 472
769 162
254 172
901 933
336 713
297 853
33 751
180 618
370 296
23 728
769 523
349 906
190 406
873 16
4 606
646 933
629 755
354 647
9 288
953 659
360 12
968 843
38 949
76 376
761 960
851 662
530 533
7 655
932 893
759 330
371 573
100 197
872 118
377 952
412 201
450 198
416 12
237 92
773 192
646 342
99 391
635 201
471 991
612 207
460 332
320 455
605 770
536 971
844 88
992 177
569 867
428 897
378 52
35 717
473 792
815 136
714 797
307 481
625 174
53 653
4 327
540 177
743 410
670 788
583 237
644 887
518 856
529 49
732 600
895 188
625 392
74 158
700 446
25 370
615 813
278 425
643 70
179 675
79 80
830 696
335 250
50 886
253 861
658 633
509 307
571 312
75 649
577 591
941 446
173 960
129 510
295 553
542 634
74 760
103 332
398 441
914 945
20 768
239 380
133 559
443 395
648 497
746 96
195 250
712 976
125 101
72 79
371 883
78 165
704 532
855 311
381 332
155 777
753 841
720 629
928 614
216 696
307 611
38 977
730 929
90 984
741 570
695 637
76 243
95 785
945 788
397 703
754 106
169 800
227 246
377 709
881 117
212 753
551 320
421 107
730 485
179 25
677 314
456 946
697 724
98 91
354 49
27 93
47 22
86 504
515 800
368 836
464 800
870 334
311 306
331 592
870 519
581 432
451 663
396 12
453 77
594 573
520 808
259 513
334 704
192 297
520 951
23 860
427 575
376 37
272 288
1 358
76 798
37 608
205 766
850 245
334 482
997 610
706 881
416 458
415 167
110 581
441 472
611 724
300 101
585 497
767 985
11 107
638 78
529 746
971 873
37 979
354 877
650 270
636 609
771 706
759 639
63 164
929 206
656 514
343 148
703 916
1000 229
858 207
397 961
808 937
933 439
54 472
591 739
583 595
717 137
574 786
977 868
431 279
895 722
587 741
458 467
384 508
523 545
655 100
968 923
809 716
232 671
29 425
382 733
346 607
763 952
723 643
544 30
75 589
982 352
363 240
295 788
270 338
455 288
114 610
408 785
170 656
120 539
598 304
356 699
947 120
841 477
958 826
199 799
518 913
185 442
430 17
624 42
495 619
679 742
594 654
596 192
525 252
528 288
474 816
143 869
457 38
166 654
425 512
637 925
586 77
771 213
40 361
386 365
373 491
710 986
253 773
913 644
355 364
850 217
174 359
533 804
284 407
631 335
802 775
196 10
180 919
695 112
823 959
129 87
918 977
577 849
615 313
393 714
301 945
694 859
800 753
694 136
945 176
833 852
398 411
943 933
152 963
603 956
789 484
190 330
726 392
983 27
785 910
751 47
375 203
489 604
56 217
129 531
42 468
319 768
674 241
716 404
754 35
664 263
668 471
118 410
221 99
502 869
105 541
17 675
949 298
678 856
75 501
402 95
39 278
647 599
27 374
565 250
34 626
235 458
256 855
330 708
776 14
482 51
669 733
782 996
811 645
217 262
550 64
460 670
597 43
710 378
640 892
914 375
18 832
184 552
792 935
317 852
266 710
853 258
54 617
571 561
53 842
554 929
847 292
776 507
580 673
666 854
808 166
749 578
206 455
304 379
412 878
558 11
814 113
90 727
720 834
828 277
818 874
305 240
823 18
540 313
932 698
491 666
497 985
171 280
44 42
465 123
485 72
837 739
146 982
293 773
21 502
833 816
9 470
394 152
458 855
169 664
240 19
299 13
475 844
761 967
588 284
117 788
703 61
337 764
565 60
747 937
531 900
64 923
308 11
972 18
294 226
4 187
915 567
332 311
906 480
825 272
118 273
156 118
268 536
45 359
334 809
136 506
959 970
319 31
907 871
530 214
87 671
109 835
994 395
310 144
653 796
856 472
730 433
155 20
874 708
766 974
161 891
917 968
517 733
205 870
518 857
465 771
705 358
898 625
136 679
468 260
309 824
571 605
96 449
420 103
87 829
244 867
45 782
637 980
818 14
68 433
418 640
933 303
870 890
440 807
168 502
408 261
666 140
300 130
984 999
362 967
861 319
849 51
390 407
525 712
608 364
766 537
348 693
632 136
797 712
985 856
205 29
907 351
327 745
447 32
711 791
876 898
486 874
57 478
185 17
332 864
462 551
47 767
30 491
716 766
54 509
789 646
117 839
284 370
891 617
967 975
167 135
977 895
472 607
401 315
420 737
386 44
208 843
215 520
844 120
536 953
665 859
958 496
778 602
602 390
325 573
769 821
882 662
938 900
888 807
8 193
778 557
302 487
637 165
344 89
221 749
188 474
444 76
799 746
651 873
457 303
990 67
648 384
691 98
620 452
217 495
257 576
735 789
580 874
28 465
616 402
783 675
770 798
776 435
631 629
154 107
871 426
488 657
880 853
303 590
897 641
201 12
935 841
679 803
814 62
407 695
246 687
403 91
906 364
349 398
755 738
793 961
963 853
712 751
328 24
400 645
239 290
738 607
480 435
727 457
184 977
840 179
604 436
971 923
183 315
132 831
423 360
6 784
667 758
686 342
837 298
767 937
826 93
827 268
756 414
81 226
581 789
128 61
371 809
871 588
252 749
107 803
663 832
747 393
332 547
547 763
15 433
18 503
962 7
733 668
4 678
546 720
764 246
527 266
488 297
678 674
592 943
646 140
942 791
750 880
868 155
338 890
484 652
215 556
296 410
367 721
374 247
484 531
32 116
913 285
570 764
149 989
296 297
443 586
781 870
977 662
299 942
925 622
105 979
731 931
739 108
814 414
9 533
377 435
550 436
700 257
829 99
478 339
47 410
108 212
435 444
199 687
578 48
62 765
749 605
734 179
58 560
404 548
165 8
171 883
552 304
552 54
755 593
444 404
46 448
135 16
396 279
658 702
421 932
889 772
463 281
746 903
908 442
286 354
385 83
280 951
855 635
281 354
154 912
659 885
769 245
110 465
499 218
997 871
410 681
693 606
249 562
509 845
347 30
2 591
483 723
639 856
102 804
289 921
966 829
971 741
994 862
665 294
538 732
195 467
751 46
595 530
180 468
699 560
828 628
752 754
454 622
935 245
264 950
56 516
778 643
172 560
507 769
719 847
681 157
312 785
477 681
350 201
338 753
835 607
605 685
877 200
300 410
865 512
402 382
192 854
377 403
883 932
615 549
192 965
282 880
287 478
647 775
383 97
495 667
867 300
304 542
122 509
196 516
605 480
476 308
847 295
317 964
943 880
305 900
966 435
813 292
887 983
712 585
918 33
982 526
63 682
176 774
603 993
819 732
694 472
572 956
993 209
853 333
908 350
474 678
438 53
708 435
174 499
432 254
55 308
148 138
77 220
115 89
208 405
704 522
95 419
157 324
529 689
327 916
609 643
318 681
135 269
693 291
622 507
21 358
225 779
