1000 9892
746 447
285 81
161 99
440 422
494 217
596 897
760 751
121 955
927 535
416 159
938 252
744 35
781 866
599 255
982 237
808 140
792 345
759 501
248 973
85 431
912 878
90 332
826 568
80 298
113 448
624 695
770 759
753 21
900 86
95 98
244 680
100 948
412 280
568 478
717 515
597 93
47 124
965 537
74 442
992 681
41 179
415 649
473 568
311 296
49 371
357 698
943 167
302 21
145 302
878 840
575 812
650 837
192 207
683 51
438 836
404 988
10 631
371 405
512 797
529 849
880 939
257 182
595 432
136 789
315 489
474 941
357 894
904 329
379 666
148 319
702 866
613 397
44 120
941 390
836 236
33 649
67 595
522 351
73 35
671 178
214 443
378 266
325 35
530 511
760 813
617 100
615 465
216 779
365 955
194 772
423 58
869 70
726 433
391 536
731 109
878 236
440 66
631 460
557 489
457 871
122 556
982 158
124 114
252 447
38 806
320 519
483 245
907 599
198 536
536 779
578 410
725 345
542 353
621 472
380 458
648 212
5 473
43 666
602 391
878 296
80 421
905 340
231 390
322 510
344 90
291 629
383 219
956 865
114 636
540 96
446 519
765 827
753 787
93 466
627 774
476 770
518 939
745 899
34 260
585 554
692 970
71 511
623 818
457 447
90 274
353 254
575 959
340 492
878 868
537 568
809 291
495 576
850 465
344 463
912 52
679 802
115 981
499 306
391 957
597 693
581 208
230 390
88 411
241 863
918 233
651 494
465 279
619 434
159 31
149 21
611 726
915 703
902 374
802 993
231 697
370 287
977 269
153 323
962 645
873 460
361 224
159 317
220 317
793 147
647 24
374 853
234 385
146 543
128 62
55 749
777 264
115 446
104 941
525 973
962 507
701 355
664 15
439 739
775 261
725 938
212 851
413 452
364 630
399 17
493 150
32 209
702 346
741 176
834 882
137 2
87 258
878 123
492 466
591 658
833 394
717 792
384 532
151 918
647 621
123 455
863 387
645 92
658 473
271 414
772 81
153 679
977 661
585 740
782 14
930 773
607 31
518 516
540 68
390 871
246 173
801 528
783 480
877 261
982 706
192 105
435 447
899 12
149 629
97 172
102 447
32 561
272 96
718 725
311 129
666 432
595 266
98 718
886 287
966 487
519 621
543 390
410 357
642 88
607 158
885 334
318 961
629 370
928 996
709 161
90 531
736 1
223 861
168 749
225 524
190 332
610 75
250 937
860 162
121 75
940 10
245 882
138 28
487 789
716 545
823 863
734 846
683 296
703 805
54 267
560 396
134 371
107 609
859 152
760 691
650 149
981 677
105 626
316 516
243 540
820 148
489 892
846 672
852 549
563 426
590 214
86 213
289 437
181 719
187 910
901 198
104 468
821 927
127 440
272 919
660 696
97 637
938 861
226 91
62 301
66 944
268 340
948 278
986 577
456 972
952 977
22 943
593 929
246 137
781 146
205 832
350 379
73 244
796 881
247 529
286 643
583 155
701 972
425 721
715 752
349 82
831 82
433 14
980 244
590 141
412 872
70 276
642 397
809 388
927 444
585 173
254 64
495 862
7 402
907 128
980 458
486 183
718 322
814 849
804 726
28 990
488 791
417 269
915 762
201 438
560 251
121 751
987 156
203 653
991 930
154 663
266 461
803 318
927 495
78 366
81 442
155 991
413 27
986 463
894 716
588 399
328 749
943 468
494 222
385 634
164 695
925 96
429 437
232 73
950 733
437 262
419 775
777 185
831 74
299 301
377 957
308 21
973 499
316 552
812 613
341 75
380 423
109 31
460 335
853 224
714 728
276 344
696 37
753 20
61 973
965 631
269 128
912 689
592 293
5 646
597 92
464 936
691 411
854 773
972 464
994 120
887 743
445 304
433 693
899 55
684 839
792 901
478 296
562 295
447 827
453 86
164 31
644 769
519 919
525 2
799 423
819 285
987 655
642 510
382 215
532 958
974 955
296 830
813 263
620 791
412 844
253 858
666 27
667 974
871 787
900 769
34 449
540 902
476 682
25 2
737 240
103 329
654 875
470 564
509 18
736 90
845 920
741 711
667 748
585 427
200 135
607 862
405 824
979 671
48 459
822 59
57 371
77 80
574 216
635 682
85 581
881 128
882 321
220 632
223 587
258 861
600 966
696 645
18 401
181 67
328 521
132 409
86 960
329 845
555 203
740 69
529 743
29 160
378 258
584 681
968 584
673 501
105 36
402 165
4 113
406 549
597 286
155 487
854 167
765 984
695 909
95 65
832 385
904 14
675 845
655 291
802 191
792 707
571 669
455 718
28 283
504 784
527 906
16 348
624 1
677 25
36 919
292 505
499 535
80 851
227 630
452 575
946 106
605 295
476 253
774 828
775 525
596 30
300 947
200 314
867 233
468 393
236 733
2 37
535 141
297 615
409 93
671 861
676 37
185 518
476 3
22 403
150 324
380 615
309 685
348 197
149 20
651 382
817 74
305 318
314 613
508 259
309 734
846 495
830 877
758 651
177 324
819 821
570 501
592 613
43 287
264 576
45 325
621 998
54 189
440 257
148 50
276 239
877 411
646 404
609 614
671 294
592 297
731 219
931 397
169 726
721 33
725 937
854 263
227 535
307 576
933 668
788 241
468 565
360 214
656 803
99 669
860 515
130 842
190 30
446 484
285 826
317 932
627 681
544 307
394 658
749 134
143 317
200 861
592 207
810 26
725 493
217 190
491 299
164 403
268 87
365 270
496 67
758 367
388 347
766 810
947 972
696 332
387 5
101 905
925 541
527 889
463 16
623 736
421 366
994 32
641 939
179 788
808 164
546 1000
448 819
696 883
948 704
456 286
364 511
922 39
260 706
248 160
945 334
818 212
639 124
325 484
420 264
741 194
528 449
785 291
987 612
490 180
988 219
71 657
112 590
521 920
629 167
941 43
928 289
943 557
180 995
442 34
817 118
943 658
736 2
3 687
22 717
454 605
45 280
449 421
858 541
436 683
777 249
402 519
20 938
729 539
523 53
284 615
299 365
51 788
158 88
246 166
872 352
375 855
638 843
287 525
903 306
605 394
704 893
113 112
925 155
859 155
588 507
238 196
260 302
721 487
891 298
506 260
752 756
697 85
725 687
1000 482
63 326
556 639
299 750
265 338
412 391
566 544
659 126
75 71
437 628
905 157
924 106
194 331
912 546
566 723
881 131
442 817
894 852
26 432
279 423
691 446
175 17
490 581
680 685
476 528
709 558
198 45
737 701
956 921
848 754
745 858
645 910
452 680
182 593
476 310
353 37
335 125
173 370
15 682
914 532
330 351
116 332
830 640
724 131
525 110
927 20
37 596
945 427
684 529
984 671
859 541
586 255
789 314
222 739
685 249
851 241
245 642
428 102
709 243
382 485
989 259
30 905
319 284
672 891
2 702
21 386
224 882
977 340
10 149
506 868
451 61
436 655
293 770
384 994
594 471
850 877
669 423
63 872
57 455
699 880
4 602
159 554
885 613
869 433
51 526
53 164
219 324
994 578
904 422
104 132
786 822
180 89
869 659
318 235
53 326
492 170
826 710
21 792
322 361
984 133
850 946
193 252
340 133
912 526
820 399
659 517
696 149
570 690
586 559
743 513
945 846
92 917
246 780
923 63
887 742
964 960
906 909
451 814
32 924
676 477
416 571
255 72
516 166
644 883
277 630
387 490
118 976
251 697
913 918
585 633
519 918
667 163
631 658
541 646
931 886
606 948
199 518
535 104
17 248
296 831
153 218
80 918
671 888
729 527
533 106
861 26
24 681
850 269
558 42
707 684
720 431
653 302
569 851
987 428
475 368
166 951
81 985
499 118
263 11
619 345
582 367
450 343
884 67
602 584
119 726
195 254
747 445
234 280
381 215
516 792
283 349
797 709
120 351
784 464
882 495
534 748
954 851
25 637
542 58
721 85
960 779
650 219
299 507
119 282
998 571
851 725
472 981
350 649
329 844
437 281
960 954
960 599
639 848
4 995
497 407
338 917
404 612
697 510
39 454
592 228
593 701
364 512
578 11
967 127
788 226
430 287
966 77
450 553
930 767
18 997
937 201
645 280
886 228
942 698
726 861
36 769
348 531
113 434
131 47
139 520
652 990
754 701
573 87
131 956
460 816
212 177
305 881
912 167
454 274
184 850
883 580
154 118
727 887
966 505
934 667
810 690
762 370
945 178
908 2
124 927
305 83
14 901
608 852
36 197
443 205
617 522
64 646
389 175
819 534
417 490
35 7
272 435
438 64
497 644
993 799
260 490
78 494
742 13
779 21
263 252
361 230
306 673
609 344
556 193
333 120
851 391
466 923
103 594
38 535
332 816
661 531
119 472
300 278
251 832
90 206
586 715
971 587
180 1
868 977
560 482
651 829
854 260
803 582
113 816
242 148
963 908
801 121
344 746
167 164
708 984
947 640
514 997
786 894
548 865
109 85
570 921
868 150
450 830
578 508
227 22
890 442
63 356
32 24
749 133
588 5
276 659
981 977
878 422
428 950
493 728
576 628
118 207
924 438
320 505
108 49
648 464
385 905
49 549
785 105
127 228
97 817
320 80
383 479
894 875
808 606
412 919
187 401
395 102
783 817
625 549
535 144
206 286
667 792
762 406
996 767
140 783
372 288
722 111
395 475
881 246
546 284
417 208
171 321
445 674
394 224
533 115
845 129
962 511
446 212
637 63
858 316
732 277
328 755
590 239
99 842
746 489
82 388
626 18
342 629
460 214
303 376
655 215
760 949
579 809
653 530
971 179
866 327
388 425
869 592
601 146
138 688
655 501
365 497
682 437
465 820
231 456
69 509
535 752
815 96
975 666
130 258
583 48
170 515
19 538
531 515
309 800
292 50
799 461
670 991
666 402
741 894
478 620
904 515
965 102
863 192
737 15
240 545
407 545
932 448
281 210
466 174
943 704
505 556
894 54
517 873
534 487
115 45
663 777
505 925
608 122
384 116
383 900
719 862
996 497
870 414
447 443
968 146
238 276
481 656
846 87
99 974
543 413
341 533
234 455
287 595
806 705
811 861
834 662
55 514
177 621
733 592
852 927
551 264
690 805
697 7
471 756
163 703
437 260
539 740
826 345
116 709
100 194
122 902
322 68
622 75
401 339
411 574
440 135
773 203
703 142
648 291
66 65
787 99
91 574
221 995
166 44
683 210
260 33
799 988
929 822
329 514
916 564
578 87
193 243
127 350
73 871
836 709
236 70
753 884
681 215
679 580
192 36
921 529
169 276
406 91
634 64
464 420
302 24
487 439
314 746
666 327
689 942
447 906
84 976
931 889
404 991
870 894
524 989
619 58
893 567
340 681
664 715
663 263
17 107
436 10
949 758
58 457
355 241
177 461
750 898
453 424
382 262
202 616
302 658
996 518
776 983
281 351
45 206
194 520
211 666
603 748
996 270
293 852
629 944
647 49
376 970
341 696
16 619
702 579
357 430
640 176
683 370
42 374
7 262
321 469
449 664
431 536
747 875
771 912
760 526
800 677
893 462
92 433
38 805
741 234
436 791
289 613
947 679
160 179
747 905
19 120
373 523
398 47
122 781
123 60
804 843
416 924
603 960
810 36
739 150
726 112
639 689
641 291
386 687
919 507
647 808
698 948
187 569
316 131
544 102
675 988
892 590
571 671
57 745
520 207
448 186
981 256
88 209
731 889
143 927
931 644
783 687
879 826
616 822
339 49
231 71
306 282
390 698
157 709
528 487
451 440
433 101
732 863
272 293
537 351
918 236
866 661
797 789
559 746
63 636
504 317
162 415
954 163
300 497
565 523
859 866
542 885
893 31
785 788
381 363
612 761
314 292
858 345
198 974
396 770
590 144
60 939
594 303
797 458
413 449
582 523
574 644
36 655
523 326
188 293
322 29
159 882
329 879
950 667
534 858
574 791
299 375
7 702
928 357
913 503
986 167
420 513
717 789
994 407
856 711
967 205
604 649
937 266
791 611
494 609
646 418
995 28
484 543
35 827
290 816
865 760
633 516
635 466
908 524
506 162
535 265
458 47
131 10
361 619
2 229
573 122
262 144
856 178
196 691
748 384
398 679
3 213
701 790
904 616
541 845
447 962
168 40
197 23
680 15
40 366
690 408
529 798
876 499
749 891
63 515
488 943
305 207
253 241
621 911
182 183
741 448
134 246
766 81
993 291
107 596
128 255
681 901
719 837
902 303
232 291
214 631
784 394
551 524
402 517
475 89
413 37
299 151
768 958
589 298
578 541
320 821
545 332
896 18
368 513
510 732
612 364
43 27
685 744
742 923
109 278
462 914
379 112
587 567
565 888
989 899
99 401
706 155
134 400
359 931
769 599
847 894
722 657
209 610
913 364
326 315
551 438
865 683
685 724
792 543
138 689
880 360
751 607
130 737
592 316
758 329
328 456
445 440
156 600
786 404
240 102
772 199
539 244
601 435
417 996
786 295
970 216
537 987
844 753
974 640
145 326
629 502
924 966
947 377
452 825
948 678
588 501
583 442
344 593
805 972
664 752
662 79
349 448
478 764
796 641
727 687
345 917
296 611
426 702
278 823
281 209
871 204
423 351
983 256
523 429
893 997
923 812
251 557
578 321
312 407
898 610
439 518
613 375
93 932
637 81
219 440
885 867
928 478
546 3
821 395
270 387
388 96
521 455
388 842
890 686
764 203
52 255
881 353
612 407
502 811
393 165
431 357
603 252
17 753
713 876
934 324
833 375
602 60
920 513
833 224
227 81
320 477
804 935
161 675
518 673
672 17
620 319
892 436
531 214
843 24
5 643
97 274
6 948
454 857
572 425
365 613
402 497
957 97
429 968
162 837
514 494
314 632
726 93
779 990
301 270
946 69
106 998
362 268
703 317
478 446
374 767
487 436
913 805
823 318
221 72
900 549
831 787
795 281
634 291
410 297
816 391
563 658
470 728
586 785
144 260
236 922
266 827
12 267
452 66
98 956
98 838
70 719
72 117
608 7
368 796
534 371
563 304
811 922
79 402
929 331
34 17
81 10
851 269
161 146
471 437
973 19
116 516
800 567
998 430
536 113
575 176
958 776
85 420
892 20
994 612
527 418
394 618
422 84
172 683
882 739
708 235
717 961
350 250
276 761
460 366
522 753
961 439
502 977
194 286
677 339
991 119
744 438
406 683
777 261
62 281
196 811
569 650
307 82
790 525
520 97
813 932
597 125
729 173
195 777
126 575
843 149
810 470
39 904
135 713
136 761
264 398
139 522
359 431
571 527
199 710
938 562
226 352
853 709
909 115
841 261
219 745
364 406
331 551
940 591
633 939
310 861
391 257
193 538
287 176
325 13
680 20
44 427
767 225
456 451
111 653
168 471
701 723
98 520
961 654
372 526
605 119
608 965
686 87
956 391
889 988
133 775
767 967
769 236
718 185
650 697
837 277
738 997
271 659
367 58
64 981
752 926
327 600
608 146
203 598
428 477
357 449
512 424
343 146
237 875
312 318
590 145
519 239
63 51
515 925
802 417
39 10
336 211
545 385
854 373
160 865
177 773
460 172
863 382
760 724
117 632
812 552
489 789
919 425
613 724
616 200
874 980
808 535
820 466
514 773
970 451
203 496
78 912
562 569
985 134
252 899
215 892
795 133
504 960
50 500
624 977
87 819
454 82
628 953
439 298
503 769
264 771
504 815
175 348
72 531
571 555
836 521
813 682
465 964
139 915
179 902
674 210
921 377
795 336
230 471
158 624
250 497
533 588
59 221
192 442
183 116
612 858
993 200
998 91
489 121
936 952
319 485
925 878
254 778
438 477
594 95
937 911
9 444
12 561
881 538
4 609
760 873
147 920
464 501
52 228
952 298
478 720
754 151
424 899
741 208
747 249
712 426
568 847
281 963
602 89
51 469
783 12
878 394
716 481
735 263
403 336
835 437
213 105
749 103
606 496
808 583
919 461
904 122
83 597
85 47
892 401
970 487
492 103
251 243
886 179
635 497
125 288
250 81
251 392
658 72
576 961
4 362
226 198
849 138
733 161
17 225
127 154
663 174
294 535
780 330
692 910
953 906
1 533
70 628
562 398
670 989
641 549
146 130
589 935
171 850
904 517
430 785
183 43
667 998
119 937
232 723
371 794
68 192
721 529
465 339
763 974
31 4
922 482
457 951
708 440
690 671
620 604
515 472
475 55
776 976
535 618
724 578
581 839
819 878
803 341
362 655
252 564
28 179
556 139
680 541
579 314
931 505
423 13
836 314
341 900
432 928
142 719
279 770
808 999
492 624
898 645
204 444
492 814
544 545
397 515
76 198
88 156
649 362
134 482
816 661
762 889
485 566
312 980
397 942
575 125
730 246
70 639
787 101
990 700
646 472
649 68
887 44
682 4
810 209
522 685
249 345
514 717
623 583
368 121
425 902
755 922
924 504
770 530
455 742
863 229
616 974
169 393
80 732
570 71
778 789
247 576
221 421
314 633
155 636
395 968
629 457
393 843
889 116
881 637
528 366
162 548
456 345
98 754
305 52
422 693
511 386
482 644
466 1
429 395
103 244
931 89
35 108
788 566
970 689
920 486
462 109
860 64
680 486
7 3
160 666
298 840
489 450
55 279
242 826
371 930
708 35
270 578
56 970
542 174
356 808
824 463
950 403
534 594
744 358
216 703
307 616
570 174
498 197
869 466
511 601
630 641
522 924
688 492
356 330
48 523
762 616
568 265
199 617
200 805
455 23
972 131
810 34
412 924
706 115
599 508
834 758
643 606
649 241
687 777
765 837
291 632
311 613
402 323
278 342
598 303
50 465
282 864
160 369
606 234
74 475
883 867
700 379
201 980
843 357
148 821
196 753
626 439
162 985
749 627
698 647
97 57
266 619
672 762
715 663
384 498
560 635
468 411
899 322
131 748
318 814
159 26
533 777
711 498
495 146
791 449
323 773
217 858
651 761
76 763
758 655
615 274
928 844
140 580
569 590
38 699
935 651
348 487
617 435
561 210
210 256
30 47
966 971
915 935
186 361
977 34
669 364
979 556
963 83
980 851
761 789
307 727
419 741
189 519
472 517
454 757
57 109
366 481
907 909
712 399
569 10
588 290
147 92
588 209
117 982
742 735
895 731
15 93
38 214
540 780
618 1000
359 526
621 439
386 542
721 481
711 202
531 160
680 550
273 112
3 490
777 288
174 720
601 36
766 814
583 908
507 601
498 996
442 648
23 437
924 288
363 134
182 734
53 718
357 857
27 943
190 553
49 683
175 351
895 236
622 556
961 990
430 139
322 784
41 323
629 385
227 949
233 432
582 359
758 622
477 293
426 841
819 947
357 991
504 125
859 565
508 605
970 423
29 621
196 482
740 352
883 296
955 119
115 210
797 616
727 491
84 607
859 723
146 858
309 318
42 923
59 811
500 655
945 782
673 313
860 191
842 670
389 263
101 13
284 611
57 38
841 606
993 651
833 734
707 165
881 746
419 641
169 566
483 338
29 66
546 108
270 340
639 900
34 683
644 432
412 349
226 643
759 495
482 377
691 631
356 857
422 563
493 919
226 882
224 226
429 687
856 677
608 50
714 527
71 126
240 186
709 776
506 85
624 784
397 418
915 349
333 784
687 961
339 687
122 37
30 880
948 275
238 278
563 252
252 791
127 133
495 673
596 380
504 844
800 393
801 672
605 506
240 838
956 4
114 867
942 467
972 440
572 559
839 953
255 182
702 586
519 575
116 328
743 221
637 84
267 326
268 149
641 597
690 713
509 295
432 406
710 825
931 956
235 475
292 866
825 43
908 855
944 305
732 176
680 267
646 736
8 852
748 878
300 36
379 613
140 701
107 562
272 525
699 150
665 490
884 154
388 647
867 972
11 168
569 646
422 610
225 668
911 410
713 423
271 891
953 144
877 401
156 393
85 541
346 43
842 916
94 709
241 311
494 227
42 288
668 620
405 626
501 717
427 230
263 628
945 613
565 916
772 722
699 594
846 999
337 757
265 400
894 979
51 709
661 530
260 413
912 868
34 37
173 874
402 186
574 956
533 703
777 414
302 611
194 312
485 791
520 504
226 905
902 518
62 355
763 210
891 921
654 103
469 355
507 912
971 33
420 825
369 919
687 997
286 966
69 478
182 791
164 294
38 331
847 739
39 998
667 409
563 216
50 445
822 626
487 208
182 646
58 912
629 295
406 94
616 590
232 899
28 452
781 2
482 795
73 245
791 105
188 130
27 772
430 195
88 278
322 803
611 962
740 806
447 516
653 217
693 996
491 960
699 359
429 394
162 263
281 179
437 798
931 41
716 817
145 876
55 481
628 37
620 577
619 616
344 515
589 398
972 538
992 440
24 506
99 926
244 349
500 711
730 740
147 500
544 864
879 541
565 726
87 481
772 551
242 108
560 329
523 351
568 220
268 838
809 574
256 426
76 235
259 541
635 892
427 339
817 719
34 723
273 873
111 483
7 740
56 502
442 915
871 143
815 342
584 908
568 17
387 159
632 920
504 567
700 441
963 499
455 308
477 796
353 278
905 431
229 635
518 941
867 285
355 497
74 43
818 633
404 664
575 933
465 990
942 408
179 940
255 249
535 27
560 749
944 524
124 804
322 956
235 133
128 601
640 653
510 9
735 560
629 93
697 332
413 632
343 763
184 948
439 132
898 343
244 108
945 7
650 724
653 479
709 172
345 892
845 951
104 757
516 871
345 749
237 583
20 915
148 72
276 5
39 672
237 667
462 360
693 500
55 747
538 707
9 279
484 119
146 684
755 212
449 976
467 924
656 905
161 45
661 360
759 661
651 654
52 177
308 91
458 584
773 255
668 459
282 698
155 696
122 957
143 395
904 241
411 963
882 802
424 342
246 389
1000 965
764 322
587 507
734 382
759 96
221 601
574 199
558 712
929 620
53 604
368 130
957 54
653 861
946 297
819 13
352 758
676 273
889 729
183 803
40 51
472 392
978 745
586 482
624 177
340 276
19 819
776 598
605 183
474 939
365 990
29 795
407 537
598 756
638 289
430 874
107 299
948 995
6 981
44 280
46 314
34 258
162 335
182 138
645 990
832 763
324 79
475 45
773 396
932 541
11 528
902 445
190 483
962 584
746 307
840 696
935 319
314 455
868 866
246 906
851 532
86 803
604 804
860 478
648 598
497 224
342 8
971 504
20 260
556 705
280 489
433 969
130 811
783 14
18 244
184 63
69 208
961 460
526 804
251 172
490 940
495 559
199 68
757 618
373 881
873 665
951 862
643 409
978 792
61 20
464 962
249 300
503 611
450 621
548 674
937 5
319 988
429 993
212 23
362 388
36 837
705 146
689 565
176 576
505 500
36 980
224 348
832 27
279 272
83 403
304 484
718 571
439 46
576 16
312 111
840 389
306 289
495 924
478 739
642 475
83 241
102 191
68 379
286 310
487 371
132 984
477 441
358 484
361 384
141 578
1 215
275 560
662 172
594 174
832 711
279 724
233 94
610 650
646 880
615 341
68 936
27 661
128 77
737 463
828 994
48 436
703 151
367 237
380 521
928 595
603 467
968 884
164 909
517 911
510 767
350 592
612 259
317 177
336 14
835 228
738 825
867 694
898 818
792 305
730 69
364 715
248 70
130 783
937 421
204 156
830 440
483 47
855 991
624 607
308 386
98 514
293 466
105 745
852 583
264 40
156 78
471 839
256 668
477 646
394 454
795 801
47 148
765 959
611 9
286 269
355 327
126 998
639 511
206 642
784 732
504 592
204 695
499 513
466 330
235 736
162 947
897 524
145 295
718 740
633 908
359 106
552 102
37 482
866 794
49 476
475 454
797 781
905 991
858 781
92 69
242 598
258 275
443 277
825 557
767 973
24 332
777 690
499 234
871 809
46 733
272 570
763 928
822 386
77 249
793 184
285 492
718 66
171 397
689 328
285 413
531 605
159 612
676 594
751 254
449 341
294 469
167 89
590 947
395 481
964 341
454 655
126 47
789 654
518 68
959 82
48 702
912 931
420 666
807 30
20 316
920 834
263 744
583 759
414 620
256 602
230 948
237 896
354 373
356 759
329 593
203 120
645 97
973 596
565 485
530 163
335 571
329 546
772 100
522 591
429 519
202 131
476 550
972 355
981 155
269 47
896 185
41 144
818 968
835 826
286 690
801 766
107 147
127 92
554 990
573 82
614 678
173 292
710 213
202 500
331 728
940 586
61 431
745 678
549 170
879 951
850 347
903 487
979 5
706 983
693 831
221 218
488 951
922 824
768 537
21 227
889 993
673 668
92 216
111 876
902 327
153 324
713 284
162 10
917 138
901 629
225 618
731 210
432 780
968 174
293 965
681 847
232 233
601 290
881 716
94 755
369 304
186 742
280 287
299 77
765 434
802 444
955 646
316 648
262 738
798 816
782 469
176 510
777 798
934 304
220 888
276 954
596 823
333 695
981 891
920 717
734 861
998 826
359 520
895 682
497 263
740 325
928 71
88 996
216 217
127 397
387 250
960 296
139 845
514 691
625 156
529 222
493 612
563 226
16 303
248 374
921 604
64 59
246 215
885 32
467 166
503 700
179 794
735 881
866 992
500 166
123 905
962 181
589 896
995 557
121 152
68 497
965 909
54 676
201 208
292 249
790 104
59 222
352 68
926 632
328 173
590 645
870 149
909 967
736 169
167 733
22 288
153 439
599 574
837 357
2 724
495 33
309 975
444 865
429 112
379 456
766 164
570 403
458 937
674 823
133 767
975 664
318 693
584 43
185 224
350 746
901 762
379 278
363 877
564 459
530 551
747 823
859 145
18 467
716 318
368 660
367 942
170 150
206 616
910 362
108 590
470 429
643 877
407 436
778 312
657 569
72 893
756 813
425 141
8 419
544 341
619 455
346 649
848 827
88 960
109 854
825 477
867 118
868 389
799 773
925 586
30 886
839 4
911 651
737 582
558 596
631 870
340 77
857 989
269 119
718 798
386 949
575 623
690 199
502 425
766 554
527 968
145 314
511 181
115 628
687 150
623 992
148 606
221 96
597 645
33 810
303 526
897 705
550 517
700 242
513 401
497 577
573 493
943 719
992 47
21 27
3 608
685 4
297 835
923 691
727 393
909 636
120 216
237 637
127 569
609 298
595 875
284 978
301 908
109 879
766 192
458 973
185 147
959 347
319 248
391 671
485 192
132 784
223 604
232 750
199 487
717 102
938 341
392 305
412 172
273 754
128 283
755 316
892 99
807 970
424 324
516 781
859 841
494 434
901 146
212 743
313 25
982 455
626 277
627 213
611 443
633 599
374 55
505 196
300 400
705 83
236 83
397 85
291 558
170 593
10 906
748 38
180 718
491 23
681 107
243 32
490 325
451 833
623 919
681 500
974 531
277 481
650 845
227 638
236 752
936 198
921 310
867 558
495 471
581 228
835 849
405 955
992 237
330 460
629 232
280 729
304 239
747 149
586 797
989 240
187 186
978 99
651 331
889 964
471 403
690 303
396 678
720 694
223 781
258 643
133 533
466 798
306 695
915 543
755 988
218 300
24 508
206 996
244 351
170 46
44 685
769 422
402 585
3 890
298 886
815 943
615 457
785 242
252 209
289 89
916 34
622 561
794 898
156 87
212 839
954 716
262 775
639 969
624 123
671 575
20 317
276 935
960 944
99 348
319 106
82 914
191 308
467 117
927 640
531 939
346 815
720 16
93 152
705 876
189 307
677 772
843 986
833 192
134 751
360 558
625 102
273 905
271 386
840 542
402 303
480 957
407 194
869 915
411 7
303 29
713 122
199 924
992 734
114 628
80 556
227 303
123 654
57 748
558 908
540 239
743 432
469 615
628 976
670 139
41 800
173 291
156 535
399 993
400 65
678 436
862 401
511 333
325 430
31 810
876 373
36 124
192 338
819 751
549 314
244 110
617 524
563 754
512 608
141 568
59 915
79 348
945 918
162 408
737 276
811 621
210 364
674 319
710 545
626 548
437 131
609 338
25 769
137 735
323 36
382 57
270 605
163 911
147 916
686 569
889 691
635 810
417 40
825 923
726 469
197 518
824 349
678 584
609 941
593 96
901 423
406 783
6 341
724 780
342 93
34 642
53 230
562 227
934 305
609 798
601 926
359 954
160 212
344 369
911 99
952 112
647 613
445 205
427 462
142 87
826 760
520 291
425 33
377 344
912 573
637 99
493 722
83 554
30 795
457 353
934 253
113 455
465 798
796 246
54 992
179 236
700 282
424 5
27 928
843 258
537 627
809 246
166 565
117 41
905 683
473 140
356 899
269 820
140 39
857 531
449 826
918 18
944 697
515 194
24 743
779 329
991 29
662 134
665 98
244 497
851 331
465 388
690 759
231 725
548 233
841 865
220 362
557 835
684 473
975 746
813 251
724 554
926 426
521 862
219 34
384 29
59 554
725 884
444 977
765 115
350 747
703 436
699 129
851 534
179 5
307 564
16 711
806 558
328 761
752 321
760 732
394 460
124 67
901 411
323 463
161 440
289 355
164 841
184 7
521 136
4 184
372 896
602 37
627 650
331 121
963 652
821 886
221 522
222 509
798 184
276 701
104 476
388 802
810 136
486 513
347 901
820 289
198 149
36 752
381 722
778 893
321 766
620 502
553 59
19 627
425 840
279 189
728 47
382 848
202 442
975 229
978 715
71 351
908 226
800 507
957 127
383 668
936 508
496 546
975 138
443 45
944 726
887 942
598 679
656 218
676 21
629 19
757 462
633 208
180 863
107 265
534 14
920 398
576 304
135 209
728 619
300 39
127 568
444 774
525 555
231 590
785 838
349 927
595 987
542 182
752 809
147 187
4 720
765 377
802 485
824 277
843 723
238 235
856 614
393 168
12 902
884 686
780 260
354 367
796 378
337 635
263 791
35 920
761 157
422 188
319 524
982 452
910 97
342 871
131 282
762 818
501 270
1000 739
250 14
867 149
118 9
51 64
344 246
843 236
554 873
544 592
791 900
615 576
321 730
605 426
587 227
536 175
151 410
634 74
931 750
842 63
201 909
153 818
45 772
391 280
799 431
638 413
196 752
782 667
452 794
277 337
444 486
463 442
193 674
395 170
571 309
202 688
212 1000
41 630
521 320
219 531
249 763
656 85
789 359
918 181
540 478
46 368
90 544
879 736
96 241
361 546
7 127
157 398
417 389
413 804
384 86
812 110
85 732
553 109
592 512
475 900
702 581
336 462
157 208
33 482
510 124
702 468
171 28
686 653
927 621
310 609
631 455
298 937
959 92
618 734
359 768
678 700
330 518
55 983
5 46
687 582
14 205
688 590
964 629
949 455
790 949
60 594
216 336
221 961
866 406
483 791
302 386
550 164
643 578
919 497
387 128
208 611
190 727
178 775
17 387
398 768
135 695
561 432
467 287
725 295
258 991
900 337
795 45
702 99
726 711
822 774
938 575
66 658
909 110
14 626
165 718
426 974
387 348
4 591
358 241
801 990
861 198
55 179
75 721
25 452
872 801
799 272
893 725
106 249
783 843
40 263
738 482
136 826
292 933
546 384
414 474
264 296
876 683
128 233
696 221
419 318
702 775
958 749
650 674
64 955
708 508
361 239
436 735
254 866
831 502
48 495
671 153
16 589
186 29
349 575
871 582
452 464
73 925
129 915
152 300
196 73
592 778
510 821
574 654
591 756
722 389
378 107
723 277
316 633
243 523
464 300
137 154
781 673
947 649
622 5
643 640
381 681
420 527
170 466
902 931
942 908
636 161
434 351
967 203
80 491
528 863
527 163
431 126
843 86
511 812
558 719
260 886
722 969
529 315
433 622
485 957
630 173
743 582
657 859
658 240
217 416
532 681
865 476
59 389
792 854
80 664
174 950
995 225
771 32
593 862
429 156
781 71
931 678
289 909
827 777
131 814
683 53
891 339
684 549
924 708
154 196
306 395
288 898
111 684
242 525
738 390
344 665
251 696
628 489
371 64
617 888
664 212
263 72
956 914
663 555
902 289
7 71
147 448
225 628
651 112
484 135
986 486
983 191
234 490
586 647
294 384
573 907
423 100
138 148
546 249
949 236
763 339
533 493
882 129
77 993
8 760
673 250
643 990
80 26
333 712
81 375
483 167
545 416
251 67
640 412
364 738
451 657
424 535
423 987
192 531
651 572
322 234
434 496
878 399
535 954
421 246
373 717
389 872
618 968
161 665
226 993
208 668
502 18
393 510
583 991
643 410
826 780
994 506
478 27
642 685
990 118
113 482
244 636
923 43
658 212
314 622
153 932
463 131
581 492
709 679
601 294
805 148
754 764
294 906
922 912
856 148
654 459
982 980
2 114
321 318
371 401
942 70
310 864
953 879
515 144
664 685
628 303
258 411
762 437
249 734
841 34
201 323
166 899
885 297
528 180
200 621
69 915
239 364
6 839
776 802
641 484
950 110
555 538
168 690
152 215
46 567
712 15
894 283
793 338
151 427
980 800
453 864
959 426
622 368
788 194
351 314
958 790
6 387
281 640
412 174
360 135
696 865
297 955
172 558
265 404
752 144
252 284
221 843
402 39
76 82
251 220
612 863
787 104
137 202
960 628
8 65
77 682
834 85
763 121
858 798
203 46
957 153
631 38
152 800
482 123
709 1000
946 394
70 786
950 790
874 696
237 457
454 12
437 882
131 59
669 551
694 365
258 170
13 404
705 799
74 130
934 996
682 974
810 542
999 198
710 127
756 486
552 105
1 485
992 880
938 985
334 355
301 194
308 303
267 358
988 228
951 400
576 494
334 402
500 958
706 865
374 915
415 932
175 742
608 831
903 955
23 530
232 579
249 619
638 207
49 204
806 939
474 640
680 491
213 203
556 326
15 531
570 486
38 656
702 763
349 625
957 882
247 810
157 318
802 181
709 139
209 493
682 655
358 363
438 265
167 965
333 477
574 512
632 369
450 202
694 873
698 356
938 311
740 255
479 853
639 971
712 408
768 154
939 163
647 754
570 492
622 110
808 742
721 367
152 542
541 28
119 48
341 118
381 885
57 935
683 823
762 740
92 851
532 432
312 723
114 739
27 184
1 773
753 952
917 683
31 609
235 970
507 545
109 941
98 478
840 659
468 188
288 554
873 56
867 366
740 992
448 800
377 254
583 346
287 297
985 918
952 752
221 53
6 707
886 265
743 144
410 228
103 49
953 822
419 78
330 415
887 913
102 235
548 17
698 994
168 477
813 499
908 393
488 954
340 571
289 946
842 389
146 938
186 161
739 237
452 172
642 876
607 788
560 813
357 233
310 177
573 757
742 148
870 345
90 807
807 328
242 938
228 233
241 380
926 110
105 354
252 247
831 929
98 304
663 853
479 824
685 765
371 592
427 290
34 640
308 39
743 957
602 79
913 488
307 873
768 277
4 975
580 252
281 922
809 194
17 332
164 565
99 88
339 553
587 511
808 480
759 213
961 6
937 45
631 927
784 648
343 855
379 164
286 685
822 995
87 958
970 62
918 310
994 168
11 630
563 901
951 364
951 314
992 841
3 218
279 377
838 136
396 443
248 174
382 20
377 928
96 642
67 572
324 149
206 303
70 433
954 364
521 903
45 929
358 508
344 666
770 394
611 764
225 425
667 574
55 293
812 160
862 263
817 254
423 406
975 613
319 193
837 644
915 966
777 937
116 971
134 222
923 385
63 93
998 616
926 213
765 339
930 264
199 397
932 846
356 981
518 3
872 7
781 883
375 76
735 508
94 524
310 729
829 615
296 686
375 509
344 335
922 238
204 203
406 523
852 559
320 456
30 603
731 762
240 191
269 554
422 225
781 422
907 887
363 315
588 944
882 725
956 844
558 744
27 96
450 617
400 350
364 167
764 640
296 159
740 602
465 888
852 892
753 721
934 878
866 16
518 873
631 784
199 644
122 864
304 408
313 552
818 453
141 267
179 1000
182 473
308 780
963 251
883 306
712 628
892 962
487 286
435 643
55 250
813 426
979 62
328 73
710 818
666 188
689 245
728 621
306 575
537 393
28 976
547 96
659 666
857 57
846 44
644 156
376 950
323 81
257 355
66 891
854 634
142 550
548 493
481 762
449 692
608 463
935 428
483 373
104 126
233 670
470 374
721 241
650 191
137 64
1000 440
29 210
913 181
696 977
678 737
989 992
416 904
327 98
610 538
701 433
759 127
687 642
502 972
643 616
785 851
666 907
40 434
668 45
852 946
445 100
999 573
377 278
286 952
105 775
677 265
758 428
407 40
544 82
496 482
715 475
787 950
540 134
444 19
931 515
680 769
438 561
574 509
260 621
945 419
782 750
876 253
326 218
619 928
547 448
823 311
680 63
794 43
413 623
430 823
219 928
292 828
640 895
336 900
79 212
463 309
569 858
235 442
474 542
145 982
992 95
186 138
3 560
371 138
928 951
908 373
766 1
237 717
861 307
989 382
97 862
739 283
410 581
820 764
988 954
534 266
681 966
96 354
314 153
388 608
558 380
580 220
896 179
668 13
517 717
862 790
557 316
483 435
873 255
379 354
56 959
648 643
595 614
146 720
219 266
169 625
423 188
986 339
963 923
468 539
696 894
424 577
441 869
590 21
53 417
899 577
991 239
203 915
924 948
618 769
482 899
610 913
350 140
540 964
9 660
799 841
70 859
118 107
529 494
657 177
55 885
648 396
377 12
748 5
197 281
952 514
974 707
407 786
511 334
746 757
802 675
729 449
16 116
606 921
809 441
701 891
280 649
786 886
656 36
489 245
897 782
239 449
559 754
874 224
131 611
371 102
627 319
121 595
340 939
414 541
21 80
538 810
189 974
371 23
483 753
279 792
343 69
989 499
77 153
777 547
29 854
447 507
177 707
752 917
205 562
167 1000
538 716
157 475
150 670
744 313
30 416
750 371
987 79
806 513
688 430
582 780
181 941
509 624
20 365
95 747
702 321
647 320
669 136
216 528
682 388
475 561
276 582
995 294
320 638
678 809
806 370
147 979
866 457
95 905
811 456
647 614
781 560
564 128
535 513
169 152
99 91
47 219
804 998
551 283
961 5
446 607
605 718
37 98
95 316
745 987
670 718
13 249
894 717
631 783
880 716
121 66
467 170
861 774
583 836
700 388
222 832
792 967
387 301
456 174
135 955
407 822
286 573
468 320
54 521
810 727
944 557
214 963
430 252
123 890
141 375
951 426
720 964
496 904
337 321
504 387
270 960
589 670
63 523
64 763
211 380
763 827
375 291
861 458
814 832
528 217
320 380
254 781
770 314
663 549
157 372
897 39
125 32
987 141
163 991
705 714
362 549
474 411
397 472
427 99
510 973
288 449
77 927
940 291
293 7
985 702
551 251
55 1000
356 185
543 599
475 541
829 614
80 171
958 90
282 667
427 414
887 355
854 27
476 853
826 552
433 686
984 130
71 116
756 856
687 862
138 697
88 964
36 620
610 857
921 738
5 663
246 21
175 469
130 360
335 289
268 478
767 354
314 620
645 488
39 841
153 938
836 681
999 847
141 185
415 302
823 445
656 729
317 984
838 90
509 432
130 61
757 90
266 557
267 380
783 796
98 600
617 568
118 543
672 919
103 201
875 880
491 619
21 182
907 189
68 247
968 445
381 88
219 869
400 569
168 549
615 195
402 650
357 223
656 266
36 484
147 549
618 436
485 123
231 587
567 493
328 826
916 155
349 924
557 215
358 586
586 761
940 368
483 487
47 750
560 511
191 143
213 323
216 601
629 287
271 103
475 712
649 403
426 28
449 469
178 685
485 575
668 571
933 555
274 216
795 518
483 82
25 625
536 938
496 167
28 30
127 496
165 147
368 481
639 533
985 86
638 56
4 694
164 477
75 234
151 177
891 780
325 878
52 682
715 474
353 381
118 959
374 469
729 202
13 1
676 455
143 898
495 707
529 947
173 315
448 198
50 6
69 250
474 842
501 370
895 51
39 465
185 646
426 888
762 356
50 872
954 434
93 902
184 926
84 703
712 736
276 265
10 349
998 26
871 232
875 749
656 209
660 503
953 619
556 320
580 334
995 129
232 468
485 14
215 245
79 706
904 272
488 141
860 381
2 523
902 126
657 259
640 137
347 195
699 918
739 709
337 809
781 984
622 274
237 784
596 937
527 261
483 40
627 297
857 300
786 784
75 475
717 872
5 444
981 979
994 350
777 444
308 389
817 931
714 577
311 717
424 271
977 677
984 199
51 48
397 484
878 679
735 122
946 614
869 992
116 112
625 864
532 656
516 253
585 982
821 766
1 549
149 613
870 561
317 943
637 794
500 489
148 675
594 559
956 202
616 831
177 181
299 545
610 325
495 965
689 850
875 939
3 414
542 561
942 239
414 324
586 829
272 429
898 145
206 42
799 51
267 98
528 196
982 283
183 495
578 876
334 142
375 550
836 52
820 721
784 423
713 263
141 790
510 463
58 212
562 714
836 91
33 274
627 118
872 271
489 705
841 564
915 797
347 303
169 707
445 630
730 996
152 866
578 720
620 684
282 977
263 698
982 182
786 997
324 932
384 625
370 342
152 717
906 474
583 726
364 776
695 708
665 913
963 660
344 484
930 567
949 329
436 316
772 438
62 338
691 318
565 281
255 327
645 209
403 538
35 691
878 579
717 767
27 55
946 291
876 32
273 139
238 289
350 395
134 75
478 610
165 798
11 616
387 93
272 92
697 845
457 208
663 96
394 623
889 53
118 641
358 144
286 589
355 465
76 929
331 840
279 488
799 241
514 99
842 340
236 587
646 620
149 972
888 490
967 692
126 110
127 691
974 291
448 714
894 403
145 814
719 844
815 869
561 102
944 106
907 126
157 371
12 602
966 927
203 669
55 340
8 925
320 927
738 1000
229 65
637 68
968 207
343 217
826 245
646 936
629 736
959 435
618 371
431 618
893 171
750 268
531 584
380 966
116 580
725 594
798 902
893 284
380 177
199 399
533 347
113 970
424 907
617 330
564 327
164 885
41 776
333 598
195 653
930 488
843 777
660 705
717 816
97 687
151 974
781 595
909 865
853 65
88 965
786 122
365 487
22 968
562 725
968 393
610 469
620 355
985 234
970 382
809 52
313 805
173 581
412 559
684 855
852 237
781 23
841 372
690 83
999 223
321 540
965 987
359 124
656 149
165 643
831 92
874 263
693 961
451 490
839 583
1 271
337 503
604 339
434 631
37 554
441 433
98 968
932 345
736 74
771 989
233 64
529 531
110 510
258 555
613 493
758 718
941 294
671 205
582 536
327 907
788 495
55 696
647 84
650 456
279 944
642 628
594 349
152 504
402 33
90 140
933 712
554 338
312 254
954 821
208 63
371 669
542 84
66 437
983 418
398 492
91 874
698 318
989 845
170 119
557 521
134 474
599 242
873 601
414 634
207 789
333 634
186 933
299 694
697 457
838 985
252 654
683 204
208 748
338 823
217 82
164 591
221 618
772 398
79 636
251 319
660 571
610 890
403 594
939 516
908 973
748 140
454 3
516 26
610 237
659 94
49 667
35 472
348 689
584 629
50 7
311 172
738 248
280 512
892 881
767 103
932 8
809 323
738 363
765 965
429 114
801 935
879 526
58 364
274 865
594 874
760 382
746 945
802 639
366 550
496 800
872 999
854 843
161 594
846 415
888 796
637 298
806 825
202 993
703 643
890 902
137 678
180 621
519 109
902 127
100 315
85 585
671 310
74 318
141 979
208 140
618 331
68 680
733 650
609 900
997 277
436 59
475 727
892 156
210 703
821 559
369 249
574 132
392 48
808 386
164 540
368 447
921 959
959 911
910 65
167 795
4 244
496 418
729 971
305 652
895 867
455 706
882 618
229 46
633 848
409 414
333 10
141 111
749 730
472 314
71 498
517 710
439 334
95 504
410 414
945 461
853 716
302 66
783 689
328 473
404 534
311 33
150 225
903 477
615 983
211 501
141 418
678 848
457 789
889 890
326 625
955 99
742 425
157 509
620 525
182 80
241 692
771 533
385 242
974 44
903 16
258 865
764 576
547 58
529 731
362 700
181 280
737 408
444 970
85 764
447 485
51 772
946 966
166 485
497 876
573 867
902 91
167 844
135 328
401 608
86 798
432 913
894 673
286 645
772 627
699 949
48 705
473 372
425 505
371 597
621 653
582 925
159 868
661 482
241 65
242 282
117 990
133 89
781 733
34 526
508 80
806 195
735 187
458 341
994 355
372 451
248 641
191 565
98 159
887 413
466 655
948 263
623 647
93 408
916 869
151 248
444 102
227 334
129 514
909 428
268 308
919 851
24 816
395 955
896 868
189 626
588 764
60 37
387 303
796 913
544 623
787 718
596 70
500 211
818 200
268 233
699 311
41 545
775 762
651 424
120 998
163 417
110 641
400 832
954 363
629 171
206 148
614 305
944 269
871 162
139 237
735 411
170 778
975 320
79 319
710 759
659 643
253 120
99 846
742 36
815 733
547 982
784 388
841 757
8 926
318 703
45 413
780 592
94 838
494 92
191 4
67 10
499 496
556 958
298 986
941 628
781 799
341 856
582 878
950 706
897 502
661 405
648 556
109 76
636 483
673 111
927 442
551 74
935 235
674 906
596 849
262 595
288 58
363 535
682 134
186 841
355 114
606 505
623 453
852 921
672 15
45 122
820 447
807 659
95 141
960 266
96 990
264 273
216 42
507 637
201 698
53 697
339 804
986 709
53 810
75 814
829 265
994 216
761 195
122 271
987 769
734 14
990 148
421 647
120 804
672 715
14 558
399 804
777 416
539 450
150 62
575 843
123 792
453 135
550 575
476 40
101 405
585 88
757 378
193 952
215 354
577 900
298 634
392 763
728 543
755 966
230 980
497 970
295 283
436 976
492 843
256 9
264 516
137 282
120 446
618 453
836 412
216 829
42 665
91 252
842 924
864 956
539 832
422 324
885 794
190 224
742 957
802 337
750 11
61 38
534 792
167 353
392 21
998 885
857 327
658 368
270 90
459 47
80 280
735 243
747 613
930 751
184 501
244 557
703 683
834 772
329 361
238 667
520 222
499 921
631 832
729 200
13 63
345 520
291 933
173 313
178 465
131 4
903 619
45 895
338 267
529 178
330 359
594 984
975 117
153 166
482 554
250 574
60 555
236 637
635 253
137 890
541 956
175 738
824 924
767 836
386 471
413 910
510 326
962 745
983 797
200 180
920 141
224 810
996 408
744 433
392 614
564 708
447 448
485 157
659 552
93 584
137 310
559 799
285 406
289 83
502 524
22 199
617 231
127 124
232 3
820 908
566 184
473 287
453 977
704 945
725 521
212 956
798 991
252 461
757 213
575 11
294 637
48 516
87 509
414 599
623 287
865 783
517 142
919 558
402 774
722 700
377 725
564 175
88 864
539 843
695 787
682 94
908 652
808 88
660 617
311 719
296 316
683 952
27 188
790 216
313 196
604 962
153 582
870 725
946 317
838 375
917 908
455 701
592 397
135 707
231 154
930 272
607 942
697 966
330 185
67 971
723 834
321 554
675 551
843 113
808 68
148 685
334 720
763 983
842 175
973 334
512 5
974 992
866 825
199 336
279 454
562 222
201 142
845 589
421 945
837 505
768 528
253 226
415 151
552 359
580 285
324 83
309 289
262 256
81 834
154 574
445 816
324 482
660 260
967 749
379 858
885 688
9 287
154 194
566 976
512 418
345 407
24 252
247 264
158 267
164 972
626 147
882 233
440 108
4 661
406 769
264 826
651 646
726 350
599 196
982 180
894 896
381 563
455 204
80 194
423 818
583 720
824 65
240 312
937 486
133 233
562 973
549 721
821 796
311 674
256 684
369 885
942 512
913 270
161 609
334 880
522 618
113 222
28 247
839 273
984 165
213 189
655 266
805 409
273 248
607 13
644 25
351 835
619 947
998 808
877 503
554 810
277 577
443 825
580 814
504 825
451 722
287 376
415 311
182 582
938 540
410 85
527 610
287 265
568 625
880 771
308 820
78 785
443 7
362 221
1 289
248 28
529 779
676 78
839 754
419 255
349 354
166 920
673 704
390 440
841 922
276 451
277 118
64 621
806 53
241 599
747 625
863 883
590 985
439 567
617 925
300 351
817 323
121 846
160 586
842 790
977 5
747 671
521 464
594 262
254 716
203 842
61 616
50 715
208 474
30 701
413 299
930 375
200 648
575 67
156 243
922 676
602 47
604 753
864 155
48 859
235 731
923 831
330 829
612 171
649 167
85 53
565 379
624 777
307 103
933 231
346 515
957 225
631 974
632 984
762 907
962 616
493 678
749 383
951 967
938 734
634 193
321 782
691 58
494 981
278 134
597 800
482 165
729 284
42 753
28 616
123 938
808 296
408 394
409 119
837 159
31 232
903 443
991 922
852 316
663 356
754 633
304 73
941 650
839 531
384 209
167 766
767 749
651 181
963 359
487 585
621 630
36 487
78 94
903 91
281 504
179 777
110 367
998 496
101 40
327 751
600 841
450 368
739 682
280 303
526 716
104 979
198 781
493 191
129 990
437 264
259 552
117 996
323 377
567 528
927 661
21 954
474 833
706 242
82 824
446 785
549 536
493 882
632 790
762 717
28 25
394 863
17 264
448 755
626 268
754 345
777 278
5 173
486 596
303 6
342 1000
753 919
75 239
480 844
256 259
351 778
818 845
639 487
566 827
325 75
458 76
724 359
946 233
657 90
767 259
605 420
292 459
790 350
978 534
120 722
710 225
879 810
933 334
992 902
757 138
484 937
452 768
988 370
992 885
58 755
504 79
70 354
590 597
791 326
757 51
728 734
783 994
54 790
989 201
441 467
323 787
75 922
253 78
792 356
845 906
297 928
871 890
214 603
984 870
935 665
936 521
133 687
523 27
742 237
944 52
750 744
845 236
223 552
24 114
794 538
579 256
416 492
471 334
458 891
39 138
224 521
613 225
815 805
212 846
194 849
600 980
752 843
327 655
935 76
713 806
172 632
726 307
218 202
660 933
790 988
875 898
544 694
265 443
982 24
216 423
323 397
75 476
630 526
208 827
781 520
514 901
520 270
795 916
523 645
247 875
947 849
805 275
147 665
133 406
430 296
911 859
236 15
693 695
383 200
335 373
448 7
486 707
182 712
862 126
101 1000
303 888
516 143
421 717
922 930
157 951
272 115
274 929
886 258
390 551
541 893
430 228
987 761
89 934
606 641
233 339
343 754
516 572
63 531
961 667
563 763
798 632
92 244
693 728
183 154
116 175
245 589
211 725
672 833
125 423
698 193
861 275
721 736
149 107
279 788
798 380
985 795
837 282
90 945
552 646
765 104
215 11
343 54
404 426
51 695
217 675
509 667
152 306
760 711
579 397
854 273
711 632
930 225
842 981
777 146
770 627
119 205
287 257
506 754
843 657
695 592
916 291
846 548
63 282
468 682
341 164
307 876
604 750
971 309
511 756
757 748
976 397
939 275
479 106
616 164
7 707
122 821
39 754
385 975
578 96
155 465
85 16
7 397
911 782
623 528
677 205
383 236
440 326
675 996
883 90
288 476
689 512
980 1
892 725
287 379
663 12
80 813
397 781
620 175
417 822
382 142
188 835
4 318
887 963
926 977
50 860
107 405
681 326
592 739
629 56
779 753
215 491
953 710
201 169
618 186
949 562
876 630
533 819
58 405
385 163
979 775
544 240
474 25
650 320
46 992
876 788
54 248
850 891
509 718
347 159
471 374
937 662
6 409
869 399
530 543
509 107
913 928
954 655
21 564
163 321
816 740
657 672
768 327
133 187
445 889
172 727
998 847
483 291
204 389
421 240
631 171
407 317
88 857
551 426
41 421
558 642
355 197
247 851
618 837
967 58
914 66
695 971
312 656
921 742
423 644
597 73
430 352
982 669
239 976
520 36
973 886
634 206
482 179
601 447
416 557
455 644
3 31
97 872
4 492
28 586
66 677
490 361
698 722
18 704
442 404
762 221
636 758
586 15
714 88
109 658
461 553
988 328
743 215
214 995
348 125
888 410
841 36
680 358
755 682
426 674
124 587
399 629
298 199
10 308
964 53
399 410
202 968
918 898
371 979
67 458
195 129
750 717
401 770
627 130
992 261
725 785
581 733
622 395
56 936
884 386
833 688
565 873
642 738
441 995
621 706
986 65
199 364
132 315
68 597
388 79
113 68
161 718
753 180
916 586
829 759
189 152
887 33
160 386
307 213
736 993
957 147
425 98
432 14
942 569
765 950
458 250
539 319
8 165
385 944
669 688
382 917
320 102
943 198
549 91
161 778
532 879
701 112
903 724
740 970
777 897
789 238
782 755
182 527
224 369
560 763
61 4
93 17
850 364
297 628
117 155
969 10
907 433
906 573
983 569
641 312
749 823
186 151
461 815
193 965
276 388
661 791
621 866
965 496
279 723
113 587
537 25
422 565
793 135
225 581
579 370
694 65
549 460
702 588
224 667
119 458
745 47
600 806
824 474
298 699
261 155
674 100
180 493
328 568
57 94
664 434
630 877
898 459
65 451
734 991
237 157
25 149
464 327
262 654
265 442
877 973
610 584
721 353
948 8
217 2
899 580
848 876
759 94
70 737
626 305
334 794
264 348
782 2
643 472
19 466
153 580
830 782
870 715
248 582
598 314
1000 597
179 152
587 55
861 908
199 805
917 906
154 422
27 988
191 833
88 222
732 671
568 744
130 479
107 924
5 909
799 507
1000 883
73 159
934 570
719 304
978 650
540 389
597 724
177 169
585 820
69 107
589 868
805 807
986 748
813 348
483 905
335 168
858 839
395 207
548 31
366 598
2 935
666 78
712 768
894 232
253 224
14 774
336 831
388 870
907 249
547 174
733 807
662 365
224 857
912 269
903 13
872 597
927 155
828 244
271 743
299 159
119 569
92 741
983 144
142 624
442 980
94 873
370 241
155 999
427 122
452 699
441 251
882 148
133 932
704 864
24 231
800 623
798 942
842 885
434 469
613 917
194 37
687 222
968 516
237 129
313 337
665 996
995 301
599 72
873 905
639 890
566 420
109 71
964 347
38 205
481 544
501 429
130 412
584 579
455 492
934 523
43 758
963 987
421 61
227 482
264 376
528 997
990 925
377 985
895 768
217 425
919 240
995 886
745 879
28 407
122 502
987 806
588 767
457 75
666 273
813 670
652 284
265 844
235 202
73 187
982 629
827 315
330 298
314 695
383 377
49 386
769 705
14 960
420 319
884 836
645 764
219 539
600 307
763 833
323 716
452 1000
749 878
371 523
817 22
230 45
196 469
915 641
609 404
58 402
738 624
393 623
712 907
875 681
748 719
328 948
935 723
167 677
10 224
585 364
864 181
917 181
845 531
975 611
428 294
575 95
38 557
9 313
318 269
108 929
403 17
77 922
208 87
9 138
318 412
798 906
410 971
213 283
53 194
592 124
539 647
351 493
446 435
123 2
493 908
41 283
422 136
298 138
852 565
503 343
126 822
75 116
331 206
616 272
212 315
94 163
313 696
136 351
230 931
305 632
341 266
566 861
369 625
425 807
28 324
923 209
856 236
303 819
362 285
914 500
687 153
66 725
841 201
201 106
543 927
245 369
418 765
554 689
205 547
524 89
215 398
954 266
497 749
86 289
379 641
377 788
302 435
45 220
613 399
195 243
971 850
884 237
845 950
137 654
154 628
50 645
148 10
521 528
673 957
176 371
195 17
802 27
879 27
834 744
267 541
441 379
772 566
739 573
61 537
315 777
670 173
963 933
68 711
53 181
648 971
561 578
782 410
214 104
161 348
489 959
75 306
259 699
425 327
703 188
166 421
462 874
377 574
290 939
437 552
8 72
482 387
85 102
623 474
290 794
248 700
249 357
526 185
583 952
730 284
227 314
801 639
251 416
18 771
458 74
499 922
923 12
83 347
974 745
832 194
80 871
629 324
410 24
984 445
624 934
663 55
166 629
723 567
951 376
989 37
681 268
256 250
334 362
10 612
438 278
767 240
685 189
851 45
871 150
586 770
984 9
719 994
801 725
334 4
875 736
732 111
642 131
868 639
667 764
727 148
233 32
273 348
995 868
976 968
355 699
254 985
493 383
755 84
441 28
834 605
873 225
229 127
826 169
133 847
246 968
493 161
403 73
425 385
190 131
412 137
180 413
740 117
833 445
599 146
69 867
158 460
735 306
60 618
80 360
688 631
32 11
341 127
647 274
38 977
700 542
303 759
869 398
283 186
36 594
853 5
159 738
250 42
165 3
772 253
814 400
274 765
41 517
692 987
383 40
40 66
597 866
374 677
115 567
67 952
853 697
32 319
571 504
286 606
810 652
82 231
13 318
40 271
296 665
461 833
962 806
230 6
326 629
183 148
314 101
150 455
797 920
335 969
546 408
180 910
382 300
180 573
366 800
797 698
176 172
856 604
336 418
157 140
705 691
656 629
56 127
299 289
661 268
332 182
977 175
636 356
836 358
342 507
806 394
466 139
324 929
136 247
53 286
471 547
774 578
869 732
194 452
584 580
839 500
416 950
863 498
919 444
939 418
977 619
246 400
156 904
714 622
273 108
937 133
666 973
978 811
481 257
407 249
246 3
123 308
804 627
494 845
726 648
438 576
754 577
658 727
338 428
121 68
304 612
726 763
913 958
607 300
494 943
795 446
889 79
49 304
601 323
511 360
940 544
226 392
852 436
410 195
858 937
577 941
979 43
232 740
656 6
880 996
866 587
346 469
997 691
787 233
819 579
732 160
589 617
503 489
58 403
576 348
674 567
746 4
50 527
508 311
91 345
400 610
864 199
168 734
229 507
945 826
323 122
536 361
883 82
646 786
228 805
512 274
589 220
3 957
601 694
48 274
964 256
935 385
976 190
20 984
651 854
467 837
266 312
730 965
270 288
608 425
186 627
39 614
578 305
560 268
379 14
470 443
881 448
476 956
351 492
8 478
317 332
445 887
262 599
568 246
132 103
821 893
680 639
950 915
518 695
795 862
982 288
549 835
181 591
94 160
425 917
502 133
126 529
967 453
951 960
737 604
830 967
279 71
616 463
377 93
340 87
415 647
472 327
21 498
854 585
572 249
261 958
351 582
687 152
247 657
428 714
876 295
628 640
6 642
832 901
795 267
783 794
54 670
461 696
779 287
391 205
277 568
738 418
23 518
10 419
340 634
196 963
571 14
760 69
651 182
985 800
181 299
154 731
497 831
385 318
538 876
388 651
831 417
836 408
413 121
824 448
955 506
498 67
850 748
532 96
881 642
151 421
88 150
850 639
579 71
427 210
601 515
764 217
307 904
122 705
555 222
208 963
885 919
124 239
786 806
380 321
843 859
610 674
494 457
356 298
375 478
910 511
535 982
592 232
105 895
680 603
164 628
420 990
494 555
188 338
316 799
541 338
348 616
922 683
808 943
562 754
80 85
359 296
398 988
829 72
66 532
658 816
553 30
3 125
847 356
60 122
541 741
503 894
749 642
939 901
405 290
79 959
801 969
328 305
92 314
292 212
884 782
576 119
261 803
353 962
761 61
361 335
639 36
306 504
533 919
36 209
609 241
455 793
334 410
335 839
597 528
176 980
196 415
841 966
288 962
571 189
196 623
955 90
274 889
512 525
713 156
940 925
194 539
586 997
350 933
976 969
309 980
732 398
936 667
585 151
78 296
872 281
135 355
284 703
610 265
235 233
954 867
658 605
262 866
475 701
500 929
818 688
347 487
722 553
264 913
7 587
80 371
911 17
717 866
901 107
948 10
608 311
848 878
209 676
199 159
212 269
85 121
105 859
696 210
693 857
661 796
535 961
518 639
995 126
27 176
921 981
862 210
717 725
615 526
601 68
982 731
287 499
810 472
944 986
283 328
69 311
199 692
19 690
774 914
403 851
504 144
164 44
827 996
510 53
808 473
843 904
180 873
291 48
241 845
27 538
46 298
361 436
949 731
220 489
738 618
372 220
671 98
230 150
968 507
822 458
571 54
511 821
686 357
565 540
819 772
335 902
641 36
404 454
833 860
88 445
626 941
24 416
924 572
689 353
708 155
352 935
811 146
550 17
678 90
712 301
864 632
313 230
976 98
392 243
925 55
30 325
397 638
803 967
420 673
731 594
3 760
963 781
912 777
810 120
167 293
62 197
840 38
345 87
610 989
829 317
192 814
49 875
341 387
293 872
256 863
97 615
294 827
406 321
248 757
874 873
781 267
965 574
198 167
914 236
633 90
560 165
992 611
184 544
295 968
527 733
407 990
452 564
411 283
308 879
186 325
455 562
153 832
279 256
282 100
925 782
31 867
329 263
870 934
211 39
486 95
141 368
345 653
701 664
283 995
340 752
414 283
148 419
96 84
205 654
271 746
975 478
745 425
873 380
653 358
791 504
263 67
504 360
419 449
349 512
578 842
408 110
907 116
121 737
485 64
656 692
206 810
389 266
919 42
85 667
450 360
233 812
664 13
765 506
968 836
751 59
517 927
498 175
794 960
483 321
825 46
522 668
857 679
940 425
428 725
583 547
413 295
489 961
952 423
898 981
204 108
77 762
355 1000
82 848
692 425
216 354
344 343
324 789
532 274
825 264
369 132
243 671
412 400
258 66
153 736
522 699
946 415
194 344
213 236
565 327
969 582
511 971
916 919
891 889
529 286
622 763
918 411
916 774
369 631
724 335
852 132
473 561
679 545
847 643
316 457
288 618
274 597
446 22
576 253
650 860
255 967
174 74
235 168
128 622
805 876
202 307
352 396
939 986
652 145
448 927
965 86
281 871
495 926
220 179
936 868
610 263
774 644
762 442
729 691
558 398
262 315
361 396
63 460
736 64
324 915
647 172
707 961
564 894
105 119
582 387
231 944
480 765
784 485
968 130
72 471
73 610
215 641
261 275
544 849
825 872
591 401
993 674
617 14
143 128
200 458
842 921
308 560
789 894
42 277
850 636
429 434
825 74
642 656
111 365
190 116
377 595
432 700
754 115
76 75
833 320
565 185
415 806
861 431
684 351
860 843
184 156
44 325
269 349
695 955
190 801
174 682
196 806
236 39
74 326
516 113
166 318
60 277
226 13
668 84
83 748
544 106
194 700
848 560
31 517
982 559
476 787
117 70
118 801
763 444
302 40
438 952
61 415
227 619
822 594
927 35
886 123
73 450
257 155
166 853
614 355
762 478
642 177
803 176
954 300
205 342
926 718
676 785
915 699
483 733
500 677
660 637
527 133
909 586
765 64
324 446
664 151
799 851
132 597
722 373
25 931
924 729
800 83
820 538
656 523
806 541
497 203
171 22
155 909
962 311
302 972
582 792
125 963
831 11
355 834
7 565
122 571
708 838
30 366
875 460
734 962
366 326
137 661
194 79
13 521
342 191
311 804
147 959
208 831
326 388
445 190
392 54
564 180
394 748
86 592
15 252
787 143
570 517
619 684
407 38
457 705
307 50
735 210
773 817
425 67
8 245
9 668
800 113
697 751
184 406
247 901
343 842
986 535
296 95
630 206
44 741
115 79
374 264
620 48
88 161
850 547
351 958
801 891
306 187
132 613
19 802
996 918
46 73
374 554
412 819
586 66
729 234
609 163
701 883
188 810
923 441
887 872
841 16
509 226
3 391
611 634
638 129
340 588
185 901
519 280
650 729
278 654
301 807
894 126
530 898
323 896
750 537
533 253
314 325
105 216
603 329
20 919
977 28
744 289
547 798
750 379
608 272
740 971
468 233
854 277
432 614
87 190
502 755
449 485
713 836
271 164
898 974
829 602
886 533
927 615
156 228
839 353
986 183
420 561
721 322
543 921
730 176
786 254
716 67
655 807
826 655
403 690
612 188
83 582
138 653
603 947
610 845
38 418
518 600
598 234
455 271
916 867
650 216
633 7
840 809
252 413
727 964
529 83
32 981
911 601
857 561
404 577
334 646
580 698
227 594
691 195
342 60
625 635
978 365
853 603
565 102
110 792
735 539
828 431
136 881
221 91
180 846
370 588
395 125
15 956
306 528
278 898
64 282
653 502
675 2
111 916
383 915
101 174
391 798
655 765
515 174
754 928
342 315
57 441
792 4
962 460
958 864
336 31
122 512
138 877
285 202
396 601
9 24
489 960
492 289
990 544
834 980
228 379
782 300
765 588
143 498
337 621
611 314
761 649
852 560
506 500
839 474
36 517
810 236
544 464
878 759
943 441
356 741
909 377
179 164
736 807
41 75
353 361
66 526
986 719
974 656
114 770
922 887
899 316
948 519
681 388
865 359
3 144
900 674
657 403
714 68
474 993
808 1
870 835
597 649
291 122
154 814
27 596
547 269
253 820
521 783
914 804
187 170
686 192
278 460
396 694
805 734
443 373
671 37
414 22
417 274
424 262
104 826
232 271
324 295
200 237
94 917
632 240
483 414
195 18
233 875
845 84
518 186
216 690
656 959
51 959
164 946
418 414
186 674
336 251
872 477
551 151
110 61
114 384
612 391
830 474
997 331
677 589
716 421
720 32
389 801
800 904
583 663
215 627
276 757
649 117
703 270
945 808
621 113
203 472
995 68
122 216
32 192
236 32
218 567
61 75
562 860
467 400
572 441
465 851
83 671
87 904
532 875
166 352
756 346
350 330
540 270
45 744
690 159
800 419
231 253
692 625
306 148
552 196
669 417
597 828
301 399
619 156
704 603
583 505
823 270
241 982
365 776
991 596
707 753
305 37
178 301
415 40
455 795
610 148
317 726
709 52
103 229
767 834
36 290
537 451
818 972
574 299
279 670
971 261
637 690
374 792
840 140
399 597
205 294
322 671
371 2
724 518
319 290
765 238
716 950
366 779
821 759
67 426
124 329
987 205
202 891
828 923
155 799
858 338
911 460
510 693
526 685
584 510
20 338
702 338
868 958
461 448
997 286
502 660
284 351
927 743
911 226
990 617
192 550
264 915
105 575
87 507
471 536
419 933
425 160
958 26
355 35
262 838
363 476
569 217
568 586
38 52
242 467
904 82
531 149
40 920
631 28
856 282
268 696
749 433
911 678
844 331
517 315
957 36
601 74
178 141
162 774
400 159
988 546
402 453
666 662
903 679
425 892
524 728
355 511
377 27
857 865
785 12
295 816
862 498
844 553
406 116
249 977
502 493
396 58
295 772
481 166
376 460
435 597
292 202
576 85
250 604
742 465
231 852
542 584
266 207
304 22
254 798
516 863
655 664
659 733
453 524
845 826
946 165
647 4
778 245
335 744
525 616
12 573
536 447
789 979
519 78
578 518
464 106
979 573
29 990
524 953
472 613
72 383
534 521
938 398
24 194
99 646
386 344
898 860
939 104
152 678
9 227
123 141
971 347
361 540
481 971
298 3
905 57
635 790
303 374
761 723
503 179
492 333
791 541
811 451
670 394
592 178
518 718
977 616
526 197
378 23
18 932
977 761
62 293
514 644
297 244
795 149
242 443
263 846
993 284
706 763
644 805
97 176
773 583
79 960
601 832
856 131
287 247
273 429
644 239
638 448
69 75
719 129
470 673
767 181
915 266
917 366
519 750
872 919
858 726
966 757
716 792
715 951
477 472
82 488
999 375
694 227
474 334
519 396
758 762
104 735
747 631
250 965
826 10
28 177
703 704
906 930
689 306
485 223
542 838
162 146
491 684
295 82
502 562
347 790
655 914
329 984
163 548
243 466
606 354
375 209
836 325
158 361
473 345
609 965
756 540
61 610
116 755
393 184
88 512
716 386
77 760
423 972
318 226
467 676
484 718
655 33
911 75
332 266
425 248
636 216
571 923
950 918
956 727
249 333
929 681
311 525
94 167
277 653
705 66
812 802
464 944
847 540
777 385
190 613
536 406
140 266
605 602
19 639
974 657
574 463
979 381
601 307
420 121
343 595
254 410
681 276
637 587
624 346
590 579
883 503
943 621
12 129
451 355
273 133
521 937
646 723
850 54
154 961
102 907
488 779
676 846
237 624
509 907
92 149
465 109
907 402
829 845
293 831
591 482
508 52
436 777
38 589
537 926
629 716
621 556
103 789
694 920
933 752
26 956
850 634
178 723
158 325
234 727
670 288
199 248
235 10
274 209
904 296
83 803
9 900
564 210
13 628
454 974
401 210
20 406
635 988
891 57
673 366
801 273
808 531
679 272
574 62
868 479
601 252
565 345
566 642
1 822
369 397
37 33
95 383
467 252
875 267
469 598
416 590
372 479
406 105
689 579
984 385
676 351
73 230
933 328
886 312
671 708
139 511
841 233
54 718
115 972
923 479
173 212
175 634
141 438
540 912
992 250
666 119
707 641
357 792
252 95
292 949
646 556
168 635
45 171
466 128
231 640
345 881
472 471
475 242
690 461
632 47
909 659
69 15
778 222
470 826
343 40
148 42
385 392
17 785
513 948
591 631
918 653
348 73
319 912
500 87
674 97
592 794
647 342
850 606
209 366
561 529
432 715
274 162
938 205
481 942
743 914
363 590
38 218
403 299
422 69
352 33
464 715
449 57
322 194
386 522
5 308
655 398
520 372
751 561
247 202
598 204
545 816
566 878
239 934
916 841
60 315
245 241
235 967
507 570
779 924
230 774
838 505
495 750
392 770
923 750
984 450
883 657
828 751
975 161
499 664
961 627
31 793
359 188
549 348
642 430
754 906
461 748
414 290
332 527
2 928
684 708
975 455
159 10
235 400
828 747
614 156
300 76
650 608
814 851
528 958
920 321
23 696
281 265
613 437
376 905
929 501
823 977
662 465
688 124
229 84
877 616
384 893
101 106
731 47
785 907
313 122
243 505
941 520
623 90
971 461
916 442
111 310
294 370
260 294
190 163
29 255
734 956
915 2
844 164
241 121
424 551
916 302
575 84
423 811
655 257
63 256
887 358
88 724
18 131
661 603
332 487
541 245
190 925
835 731
40 998
437 620
665 777
498 586
930 703
553 296
277 872
539 333
338 646
784 628
588 759
421 393
338 537
398 923
572 354
187 708
758 29
47 432
573 75
892 723
398 522
936 109
224 335
888 678
891 557
395 768
296 859
353 926
562 106
291 64
917 764
335 139
796 655
799 248
314 716
335 689
112 626
872 920
138 324
177 93
343 285
806 927
185 935
93 886
163 463
666 222
79 263
462 437
284 941
175 784
289 833
254 827
558 358
816 94
409 728
855 279
966 916
788 476
542 839
16 677
453 880
20 53
497 768
775 199
599 899
980 294
244 971
57 40
940 277
66 422
436 600
161 474
698 291
517 813
755 302
388 215
429 839
378 487
655 179
52 100
588 374
789 569
665 971
8 450
123 25
859 397
237 497
972 100
313 481
425 255
908 764
618 828
325 606
832 430
830 233
557 847
606 368
553 260
660 552
136 324
486 562
982 663
506 212
240 904
916 769
576 978
390 820
598 359
467 227
140 267
912 308
202 92
260 636
782 793
519 926
576 240
794 171
409 207
605 379
128 609
292 188
979 90
102 223
283 595
379 934
749 956
608 688
274 882
421 993
851 20
948 982
127 713
607 691
167 190
999 44
318 848
817 134
575 930
694 204
126 168
242 775
918 900
323 90
110 374
4 566
891 508
885 994
865 906
972 938
481 897
902 837
371 533
854 450
142 390
824 145
388 90
924 180
318 159
800 906
468 744
216 321
553 582
660 750
683 199
522 715
230 870
708 658
126 855
683 852
80 431
493 653
294 838
813 942
522 557
725 34
753 88
819 37
183 602
403 970
434 972
387 478
631 713
874 590
987 869
811 517
607 352
629 472
153 829
582 38
231 76
100 961
480 80
941 189
452 926
120 38
33 945
303 792
702 901
918 838
998 16
381 114
71 986
185 991
902 330
614 64
229 430
233 43
324 502
915 557
312 470
721 782
78 189
150 542
100 349
372 410
764 932
485 133
766 238
521 567
115 440
542 159
266 410
621 638
310 963
498 99
704 794
91 208
682 917
336 217
869 449
191 213
485 456
844 129
573 714
230 588
657 610
394 536
234 859
697 417
657 774
591 773
905 108
710 520
137 250
605 989
824 28
899 586
290 95
325 534
290 827
240 242
379 491
259 440
579 611
561 165
56 471
179 113
17 126
97 968
424 392
387 28
890 7
423 409
748 233
783 410
127 252
148 855
792 839
246 772
481 474
984 495
986 645
753 662
41 786
631 685
629 444
280 613
26 9
779 637
432 352
175 424
642 431
519 100
870 777
942 768
330 73
282 337
706 643
914 874
884 12
994 48
104 598
909 549
663 538
298 570
940 125
318 569
547 37
14 706
337 97
580 59
731 177
237 968
135 323
929 214
568 645
975 939
355 786
372 668
599 111
159 734
399 111
934 72
630 835
955 663
778 420
384 806
583 571
124 188
401 383
864 747
938 174
705 681
168 250
906 448
856 555
801 254
344 383
531 981
420 572
496 138
687 734
864 955
998 821
583 857
187 904
406 746
924 19
327 644
360 632
364 402
899 823
189 75
580 187
140 401
862 178
94 88
866 145
761 445
13 238
396 250
658 229
202 57
576 870
39 862
978 582
486 881
676 257
804 350
164 253
763 633
838 117
554 564
701 803
540 487
641 400
16 113
384 431
408 293
245 264
434 585
277 13
561 434
695 43
309 668
880 616
611 744
336 726
906 846
193 903
167 675
851 454
241 119
238 268
646 791
983 178
399 173
699 891
738 991
25 920
29 928
953 244
882 178
900 975
100 75
997 195
636 389
764 178
170 6
603 116
177 37
95 816
721 129
189 427
800 752
696 961
697 104
937 441
317 327
190 47
800 879
697 473
773 84
647 959
100 824
998 977
69 695
624 690
392 57
402 214
80 452
227 439
733 67
405 307
360 596
288 273
582 306
520 92
544 66
875 400
593 334
187 626
709 537
505 27
455 637
277 621
870 612
836 668
644 637
178 34
456 704
623 896
404 222
463 7
374 742
1 404
662 995
481 236
11 799
72 799
309 990
515 159
55 206
184 909
867 688
961 683
454 865
475 379
330 851
116 127
867 769
210 4
638 220
189 922
595 139
671 71
409 778
675 35
612 590
850 967
836 118
368 882
149 313
911 501
569 262
769 452
829 844
384 103
446 228
547 731
363 838
669 765
364 533
971 519
631 497
32 263
530 911
184 66
251 466
324 998
384 563
470 331
592 237
422 174
440 665
767 448
643 596
991 502
799 740
494 698
62 272
667 452
269 170
951 946
681 186
165 105
583 77
939 638
891 793
657 193
750 728
364 255
665 395
350 446
574 335
486 686
715 420
346 68
679 705
774 939
829 180
830 631
359 5
469 709
309 784
791 120
294 728
836 519
999 245
603 820
675 643
16 4
73 117
718 615
240 738
228 727
211 483
619 46
69 1
568 928
474 627
685 714
737 63
87 980
206 170
297 654
816 426
338 34
232 545
451 321
935 947
992 624
281 130
746 54
837 413
548 192
401 965
185 990
167 666
439 849
873 457
301 848
285 331
579 379
64 988
104 793
581 809
140 545
72 503
742 884
379 382
813 601
896 62
200 411
195 453
885 852
324 548
418 417
167 222
479 856
569 508
80 223
208 932
66 30
808 723
238 768
935 170
424 732
761 725
707 283
838 563
437 534
421 177
388 462
528 865
838 578
625 23
660 626
95 191
813 768
78 907
505 241
753 939
438 719
94 125
558 556
283 478
487 400
362 445
895 789
738 149
144 151
342 750
130 305
973 904
392 864
425 754
923 159
173 276
637 815
875 134
676 381
398 735
439 497
996 914
585 829
748 287
966 482
642 428
76 944
274 808
991 949
617 620
433 29
663 424
898 245
538 28
955 723
776 649
504 482
128 840
680 293
19 42
77 427
59 928
448 761
180 916
931 244
951 233
664 985
426 500
888 183
851 301
543 568
327 486
968 79
966 942
203 746
989 455
186 404
815 995
427 994
91 17
552 541
20 19
817 431
87 197
647 563
510 724
369 288
543 726
534 870
790 21
678 635
772 756
720 205
186 601
423 852
264 803
617 347
583 570
746 739
844 166
649 464
43 961
834 972
259 761
47 834
834 127
640 684
859 464
532 490
551 446
977 995
759 59
174 631
856 330
998 901
436 438
165 80
905 361
875 439
947 34
802 920
238 745
111 737
593 942
387 123
689 687
586 305
112 168
974 696
978 583
529 87
287 355
453 119
201 998
255 63
827 918
703 311
738 199
792 979
368 422
89 537
736 492
58 712
184 771
793 667
386 195
291 734
45 958
304 376
954 398
365 973
617 584
173 26
582 254
604 322
839 741
272 373
873 277
371 161
44 265
818 288
196 476
586 836
183 246
521 771
408 196
410 542
675 6
343 396
915 759
111 912
613 510
210 323
105 47
898 618
744 498
118 236
780 586
877 586
306 961
842 799
220 671
618 358
347 260
649 274
850 661
997 194
180 428
590 371
518 508
635 838
267 724
198 568
366 258
632 660
706 231
1000 472
200 768
644 305
339 611
446 261
165 227
22 596
961 76
139 776
606 374
271 459
981 242
35 600
957 105
47 481
303 843
822 809
930 931
326 88
738 120
204 700
689 548
652 424
362 260
35 438
2 213
144 881
465 533
482 941
746 686
947 333
37 509
535 82
297 512
573 863
271 786
583 422
931 961
537 378
793 992
150 167
244 6
483 966
927 405
383 605
52 579
701 552
739 484
780 185
91 266
340 124
992 63
6 817
888 128
582 388
175 822
417 278
471 95
571 117
813 208
101 206
871 990
712 61
857 419
718 785
256 3
93 634
480 609
544 854
120 456
841 616
223 588
565 881
87 141
810 109
128 380
204 431
96 544
151 656
618 749
489 535
473 442
959 190
137 115
229 989
892 784
527 459
933 928
610 559
914 83
887 57
669 870
975 236
798 538
1 922
401 96
481 722
320 336
672 37
984 247
251 456
87 678
770 590
791 804
574 140
5 767
703 488
191 708
835 909
990 92
615 625
193 480
875 268
844 513
258 188
847 354
21 537
596 162
28 470
788 892
326 215
878 864
274 946
883 581
671 705
14 528
607 499
629 87
811 122
802 515
845 607
477 379
667 983
427 586
893 511
796 753
945 9
893 691
505 626
917 419
229 347
267 114
965 343
384 182
537 112
423 367
907 34
949 995
253 54
826 94
276 115
684 400
78 131
851 385
599 871
76 416
573 852
243 369
669 405
581 697
251 842
52 393
930 417
953 194
113 685
591 624
815 812
800 603
537 135
474 214
152 334
264 776
854 381
363 690
716 374
540 644
839 376
122 568
644 378
938 91
425 164
251 246
549 547
899 453
554 395
422 203
637 730
647 902
598 80
998 926
325 532
680 573
734 488
578 132
304 785
66 848
917 801
113 459
999 933
229 553
231 319
487 145
970 683
576 796
334 572
2 841
411 309
912 382
452 591
666 224
892 825
438 921
184 872
371 422
649 674
524 826
373 380
684 560
791 268
888 363
427 537
594 837
961 658
183 237
594 212
157 454
335 982
211 732
713 162
141 697
42 914
149 158
489 403
147 437
304 833
918 578
632 189
176 163
395 666
452 432
24 87
428 457
103 713
152 856
452 455
20 131
59 623
99 650
392 362
263 537
266 271
364 125
358 921
56 215
842 986
353 591
998 371
194 61
413 349
507 46
721 814
350 936
445 876
82 870
469 102
184 234
259 760
730 189
753 116
971 189
163 671
503 504
91 762
51 125
142 466
765 886
1 883
273 246
437 779
477 846
614 785
670 117
692 791
586 318
224 467
410 861
174 961
840 701
54 619
291 871
473 584
370 788
169 327
226 272
562 406
912 233
678 448
67 925
343 568
22 471
150 152
653 271
729 601
770 493
129 403
495 850
685 254
651 306
270 892
975 341
745 316
547 114
614 738
775 34
957 859
944 102
881 957
418 149
38 714
276 43
243 184
595 975
980 787
347 150
366 182
745 820
671 499
160 947
179 875
702 415
375 173
727 56
220 958
459 222
65 891
319 826
452 654
513 659
809 612
402 50
630 732
406 938
467 680
381 862
477 543
630 591
702 72
956 456
339 610
51 342
255 670
296 367
957 134
464 549
122 193
557 499
146 209
990 982
661 862
636 954
965 540
109 982
203 273
783 476
313 930
925 891
710 243
585 689
844 621
378 747
36 85
828 473
170 829
978 330
481 226
64 310
338 173
357 927
49 422
343 732
844 851
560 566
783 912
370 621
934 224
602 856
873 322
139 2
679 977
492 920
698 799
518 443
746 825
820 750
585 423
435 988
120 346
525 603
34 22
16 629
418 185
312 428
949 490
643 691
363 939
275 401
938 435
721 961
647 473
815 779
580 603
324 706
143 142
825 995
493 181
9 174
7 975
726 301
730 928
142 850
592 961
459 250
756 636
359 925
971 359
388 69
905 117
337 619
541 186
890 268
818 609
963 600
602 440
587 292
623 482
95 69
478 87
498 657
781 508
912 629
514 729
696 172
606 339
516 127
131 155
703 491
725 47
576 817
316 116
300 657
762 36
306 62
325 226
758 88
466 312
728 27
441 489
733 278
298 537
330 283
49 369
552 88
727 745
799 300
858 872
50 797
378 638
362 27
131 318
421 898
724 813
42 143
914 773
496 860
521 858
684 258
975 269
980 629
285 329
488 875
984 880
387 825
354 876
320 932
796 17
802 196
695 307
370 272
99 512
906 102
530 698
989 486
930 96
362 622
950 359
129 903
426 195
467 917
671 459
824 338
53 96
471 305
7 563
656 815
591 657
78 636
445 839
549 593
772 304
756 967
133 250
407 271
639 734
713 908
971 144
517 4
867 998
481 652
428 953
786 39
221 578
919 257
317 111
231 425
566 866
678 104
972 594
772 229
277 705
813 911
464 892
841 478
968 143
92 576
59 393
331 492
287 393
344 849
677 49
933 391
258 129
529 250
253 548
895 117
614 202
226 508
340 372
966 480
418 714
555 919
973 196
993 70
318 883
864 469
332 667
442 183
315 431
633 152
689 222
690 369
585 29
475 987
374 889
597 903
840 173
54 123
862 962
665 6
150 590
300 479
447 408
909 691
953 259
682 707
575 622
662 469
958 620
171 330
246 770
33 301
472 763
533 104
919 899
24 88
545 330
216 704
863 550
555 369
206 755
124 72
159 731
4 275
722 629
940 444
156 371
92 686
638 545
787 467
511 617
572 224
483 8
781 721
982 50
416 95
513 551
865 800
834 125
194 476
322 265
825 358
402 241
60 501
422 244
833 179
377 367
839 125
950 830
274 311
496 744
118 214
259 115
914 231
274 326
974 641
227 378
134 986
339 788
412 728
455 666
774 998
956 925
957 436
779 956
625 492
109 531
3 186
581 393
283 730
891 545
359 79
469 763
383 325
794 194
667 880
351 763
762 318
106 186
979 597
270 36
280 755
962 915
923 411
926 622
158 756
909 868
125 383
914 826
680 259
438 55
337 160
566 491
751 509
456 242
816 82
279 818
12 591
287 711
533 27
720 510
383 878
388 558
831 282
745 93
194 973
695 379
219 418
169 665
665 316
290 331
829 918
961 291
467 845
67 135
217 822
473 348
953 106
977 796
503 8
240 772
758 914
381 861
42 237
80 296
523 630
678 832
843 917
290 783
478 120
682 428
518 574
333 828
563 163
108 124
330 2
863 252
440 937
424 67
188 420
335 311
65 343
125 458
767 272
993 307
166 503
79 818
26 170
444 141
49 763
528 179
213 952
143 813
754 748
226 309
45 783
273 396
936 220
421 540
5 861
386 396
283 599
178 259
452 934
326 907
956 374
83 130
916 556
870 108
587 477
475 380
224 60
545 875
284 798
266 817
709 235
822 282
84 225
951 162
954 130
298 622
437 719
638 82
271 689
736 54
719 823
779 66
854 538
841 669
312 429
834 590
372 561
564 667
105 154
271 855
973 25
835 72
48 310
67 210
31 746
437 695
147 202
393 78
982 152
554 371
826 508
954 681
223 364
907 597
857 290
271 154
42 62
246 310
431 480
752 407
673 353
399 295
143 333
130 572
113 348
744 842
526 134
485 916
161 550
644 53
972 362
166 305
39 573
874 680
60 131
795 80
672 261
47 391
984 23
456 656
438 512
274 545
149 311
339 957
240 662
386 22
776 434
908 183
802 686
361 678
947 427
932 61
430 838
468 509
144 475
453 367
148 499
304 145
961 834
309 672
955 82
3 545
84 572
512 517
766 48
699 105
874 264
614 68
899 49
618 11
935 658
457 727
663 611
171 353
599 865
608 156
57 394
439 624
613 133
357 190
46 978
253 278
219 490
310 967
132 483
587 175
683 765
599 71
105 263
717 56
21 513
958 802
372 811
555 371
161 122
858 126
142 815
623 178
778 287
797 17
194 70
353 21
234 839
218 995
632 718
545 233
330 745
266 676
564 451
9 820
304 900
66 831
714 627
142 248
346 607
866 278
960 735
107 157
984 213
491 455
311 624
801 530
197 377
14 289
255 439
669 539
600 318
871 382
943 861
957 688
966 86
880 787
808 48
758 212
245 399
179 561
224 134
188 801
799 355
304 302
512 963
474 594
303 573
572 927
167 597
147 79
119 892
140 787
357 913
559 624
926 301
589 461
419 301
949 281
977 363
817 194
410 680
251 522
509 846
203 751
185 872
295 215
821 315
825 824
772 977
167 921
105 338
664 105
479 808
405 597
172 960
285 255
750 493
753 447
723 96
384 352
688 302
512 220
164 944
83 455
997 471
761 773
27 473
941 805
194 426
378 319
969 880
614 284
539 546
333 565
48 939
30 623
342 845
659 125
200 886
476 759
293 391
117 707
958 395
544 459
193 19
433 524
794 400
327 168
863 10
226 93
541 274
908 571
444 537
701 435
752 189
787 910
183 617
577 38
245 208
377 72
17 239
532 698
257 536
455 661
156 726
196 539
406 42
108 5
981 430
231 3
343 581
235 196
606 981
808 44
50 851
144 404
37 599
313 568
371 309
559 310
5 892
116 129
568 859
932 452
1 174
812 934
261 756
707 604
324 20
475 828
167 718
719 941
245 566
73 765
76 516
941 308
541 347
431 794
837 739
290 102
609 652
846 83
868 655
214 265
819 169
641 137
915 982
76 490
494 105
663 792
704 727
926 186
595 559
96 758
170 133
760 605
959 135
817 682
583 539
238 844
281 981
854 42
215 612
74 584
200 771
518 285
451 77
469 310
861 552
668 72
541 502
563 162
356 748
640 937
861 601
937 121
855 339
577 2
246 151
800 239
710 358
88 241
329 358
930 958
723 921
728 1
265 773
196 639
882 586
455 526
6 744
845 17
124 777
175 511
948 701
681 286
221 77
519 554
153 213
410 300
838 228
22 497
478 727
625 480
275 983
665 163
956 486
17 193
189 918
116 234
301 872
289 864
107 537
589 405
920 190
298 766
558 368
172 219
263 300
15 703
487 978
862 810
105 153
180 365
398 555
773 187
39 154
717 417
59 568
280 315
284 707
397 988
308 201
612 319
544 567
574 384
270 261
592 963
223 367
481 900
392 179
854 455
964 515
40 645
275 222
494 470
907 649
299 676
781 536
769 373
325 684
731 697
604 681
200 831
152 898
251 348
787 232
442 891
902 747
282 992
344 89
472 14
86 917
300 764
541 474
507 532
773 352
348 528
994 30
874 568
620 452
947 558
198 118
79 785
583 353
343 924
117 255
46 53
379 1000
918 121
776 514
785 468
549 307
163 72
171 565
922 231
463 261
376 149
144 363
491 580
537 452
665 191
224 985
915 983
292 200
979 859
263 114
102 990
295 349
133 514
617 807
410 597
898 446
710 905
738 673
996 397
737 10
651 90
245 927
450 313
983 129
821 294
368 914
292 736
599 977
825 908
220 578
497 195
793 430
371 726
65 519
569 782
559 305
310 689
509 373
556 891
904 492
116 642
800 717
583 594
177 770
455 223
510 926
938 183
156 152
599 164
857 317
806 326
184 209
549 459
317 395
83 847
640 708
713 946
255 707
471 902
99 453
147 820
740 349
703 299
377 337
322 338
565 278
269 377
481 45
133 410
901 184
601 34
430 308
412 327
108 54
425 980
814 414
796 253
740 808
692 830
491 87
753 824
793 924
756 784
528 658
191 842
849 970
791 43
338 337
28 565
69 207
698 657
400 948
199 572
809 280
595 267
813 704
481 191
532 388
384 472
221 181
706 803
582 150
653 637
756 173
295 611
46 661
569 902
269 624
988 72
432 16
702 938
277 101
206 53
944 494
48 179
11 57
709 162
103 407
586 959
6 252
506 834
824 675
197 623
825 718
128 106
220 256
405 882
913 706
357 105
397 770
567 298
39 205
812 467
575 154
864 898
741 68
194 137
787 356
971 451
403 111
361 593
99 284
940 446
501 656
158 391
696 810
299 351
872 171
179 261
622 27
772 278
204 208
373 711
853 205
545 244
240 132
773 908
167 429
133 365
13 775
51 236
329 498
98 145
562 544
264 355
446 514
288 377
531 295
861 628
40 778
781 147
767 382
112 172
539 97
758 23
636 631
549 24
642 362
917 548
184 664
573 130
22 136
425 722
409 245
1000 858
322 890
269 801
150 44
278 977
853 611
589 829
572 973
794 115
813 437
500 80
11 839
943 598
747 177
913 615
954 381
422 831
426 690
980 457
699 35
277 121
831 550
818 431
713 323
567 104
401 897
418 33
335 671
168 712
114 776
145 390
437 244
81 42
337 64
245 855
673 942
546 148
368 986
977 112
194 890
